0 0.8565705128205128 0.11176857330703485 0.1201923076923077 0.04602235371466141
0 0.17147435897435898 0.24490466798159105 0.11858974358974358 0.05719921104536489
0 0.4206730769230769 0.21301775147928995 0.11378205128205128 0.047337278106508875
0 0.1858974358974359 0.19592373438527286 0.07692307692307693 0.024983563445101907
0 0.7067307692307693 0.23109796186719264 0.11858974358974358 0.045364891518737675
0 0.11698717948717949 0.3428665351742275 0.10897435897435898 0.04799474030243261
0 0.32532051282051283 0.336620644312952 0.11858974358974358 0.04865220249835635
0 0.5024038461538461 0.3408941485864563 0.14262820512820512 0.06903353057199212
0 0.6546474358974359 0.3431952662721893 0.09775641025641026 0.04339250493096647
0 0.1778846153846154 0.44871794871794873 0.15064102564102563 0.05325443786982249
0 0.7684294871794872 0.44871794871794873 0.10416666666666667 0.055884286653517426
0 0.8733974358974359 0.4470742932281394 0.1282051282051282 0.05391190006574622
0 0.21394230769230768 0.5687047994740303 0.1362179487179487 0.05917159763313609
0 0.25400641025641024 0.6742274819197897 0.16826923076923078 0.06903353057199212
0 0.5785256410256411 0.6992110453648915 0.13782051282051283 0.05851413543721236
0 0.49599358974358976 0.8053911900065747 0.14903846153846154 0.0631163708086785
0 0.6530448717948718 0.8030900723208415 0.11057692307692307 0.05982905982905983
0 0.23798076923076922 0.9247205785667324 0.15224358974358973 0.05325443786982249
0 0.43509615384615385 0.9128862590401052 0.1233974358974359 0.05062458908612755
0 0.6033653846153846 0.925706771860618 0.10416666666666667 0.049967126890203814
0 0.8365384615384616 0.9266929651545036 0.13782051282051283 0.05062458908612755
