0 0.12230769230769231 0.26554621848739496 0.14307692307692307 0.08907563025210084
0 0.31 0.26596638655462185 0.16153846153846155 0.08823529411764706
0 0.7176923076923077 0.2647058823529412 0.1646153846153846 0.10588235294117647
0 0.8876923076923077 0.26554621848739496 0.1476923076923077 0.10588235294117647
0 0.1076923076923077 0.49327731092436977 0.1723076923076923 0.08403361344537816
0 0.3007692307692308 0.4899159663865546 0.15538461538461537 0.0907563025210084
0 0.48846153846153845 0.5021008403361344 0.15538461538461537 0.09327731092436975
0 0.6653846153846154 0.49411764705882355 0.1523076923076923 0.08907563025210084
0 0.8469230769230769 0.4928571428571429 0.17076923076923076 0.08319327731092437
0 0.10923076923076923 0.7138655462184874 0.14153846153846153 0.073109243697479
0 0.48846153846153845 0.7029411764705882 0.15846153846153846 0.08319327731092437
0 0.8646153846153846 0.7100840336134454 0.14461538461538462 0.08235294117647059
