0 0.236 0.15485714285714286 0.228 0.05714285714285714
0 0.727 0.156 0.206 0.056
0 0.235 0.3117142857142857 0.21 0.06342857142857143
0 0.732 0.31542857142857145 0.204 0.060571428571428575
0 0.236 0.4431428571428571 0.192 0.061142857142857145
0 0.717 0.44142857142857145 0.202 0.061142857142857145
0 0.237 0.5682857142857143 0.186 0.05885714285714286
0 0.717 0.5677142857142857 0.198 0.062285714285714285
0 0.233 0.7062857142857143 0.238 0.06628571428571428
0 0.74 0.7008571428571428 0.2 0.06571428571428571
0 0.195 0.882 0.218 0.053142857142857144
