0 0.391 0.1464968152866242 0.028 0.01840056617126681
0 0.443 0.14720452937013448 0.036 0.02264685067232838
0 0.117 0.45046001415428166 0.056 0.029016277423920735
0 0.1895 0.4447983014861996 0.029 0.026185421089879687
0 0.7695 0.40976645435244163 0.023 0.01132342533616419
0 0.7985 0.4133050247699929 0.017 0.01556970983722576
0 0.2105 0.8998584571832979 0.047 0.03043170559094126
0 0.291 0.9009200283085633 0.052 0.035385704175513094
2 0.4015 0.16383581033262562 0.021 0.013446567586694975
2 0.7415 0.14366595895258316 0.021 0.008492569002123142
2 0.1615 0.4610757254069356 0.035 0.014861995753715499
2 0.7755 0.4210898796886058 0.021 0.01132342533616419
2 0.254 0.9246284501061571 0.03 0.017692852087756547
2 0.4015 0.16383581033262562 0.021 0.013446567586694975
2 0.7415 0.14366595895258316 0.021 0.008492569002123142
2 0.1615 0.4610757254069356 0.035 0.014861995753715499
2 0.7755 0.4210898796886058 0.021 0.01132342533616419
2 0.254 0.9246284501061571 0.03 0.017692852087756547
1 0.328 0.15498938428874734 0.072 0.043878273177636234
1 0.515 0.16560509554140126 0.078 0.08209483368719038
1 0.646 0.14791224345364473 0.076 0.04670912951167728
1 0.799 0.14508138711960367 0.054 0.04670912951167728
1 0.086 0.36942675159235666 0.084 0.10191082802547771
1 0.218 0.37791932059447986 0.112 0.12738853503184713
1 0.788 0.35881104033970274 0.08 0.05803255484784147
1 0.855 0.37933474876150036 0.058 0.07926397735314933
1 0.185 0.8075017692852088 0.09 0.10049539985845718
1 0.298 0.8117480537862704 0.092 0.12880396319886767
1 0.328 0.15498938428874734 0.072 0.043878273177636234
1 0.515 0.16560509554140126 0.078 0.08209483368719038
1 0.646 0.14791224345364473 0.076 0.04670912951167728
1 0.799 0.14508138711960367 0.054 0.04670912951167728
1 0.086 0.36942675159235666 0.084 0.10191082802547771
1 0.218 0.37791932059447986 0.112 0.12738853503184713
1 0.788 0.35881104033970274 0.08 0.05803255484784147
1 0.855 0.37933474876150036 0.058 0.07926397735314933
1 0.185 0.8075017692852088 0.09 0.10049539985845718
1 0.298 0.8117480537862704 0.092 0.12880396319886767
