0 0.7885 0.11606510969568294 0.037 0.021231422505307854
0 0.8445 0.1075725406935598 0.033 0.021231422505307854
0 0.6755 0.5562632696390658 0.043 0.021231422505307854
0 0.8285 0.8375796178343949 0.067 0.036093418259023353
0 0.9095 0.8365180467091295 0.045 0.039631988676574664
2 0.3265 0.2091295116772824 0.011 0.004953998584571833
2 0.818 0.12349610757254069 0.028 0.012031139419674451
2 0.866 0.8598726114649682 0.026 0.01132342533616419
2 0.3265 0.2091295116772824 0.011 0.004953998584571833
2 0.818 0.12349610757254069 0.028 0.012031139419674451
2 0.866 0.8598726114649682 0.026 0.01132342533616419
1 0.765 0.059447983014861996 0.094 0.07926397735314933
1 0.863 0.060155697098372256 0.114 0.07218683651804671
1 0.786 0.3467799009200283 0.144 0.19249823071479122
1 0.888 0.31068648266100496 0.056 0.12031139419674451
