0 0.38461538461538464 0.09375 0.02564102564102564 0.019166666666666665
0 0.42735042735042733 0.09708333333333333 0.029914529914529916 0.025833333333333333
0 0.7280982905982906 0.38125 0.03952991452991453 0.030833333333333334
0 0.7863247863247863 0.3879166666666667 0.03205128205128205 0.029166666666666667
0 0.7868589743589743 0.5745833333333333 0.045940170940170943 0.020833333333333332
0 0.842948717948718 0.5683333333333334 0.029914529914529916 0.02
0 0.20886752136752137 0.7420833333333333 0.05448717948717949 0.025833333333333333
0 0.8034188034188035 0.8908333333333334 0.057692307692307696 0.03
2 0.37606837606837606 0.11916666666666667 0.038461538461538464 0.023333333333333334
2 0.4043803418803419 0.37625 0.09294871794871795 0.0725
2 0.7307692307692307 0.41333333333333333 0.04487179487179487 0.03166666666666667
2 0.8547008547008547 0.6108333333333333 0.038461538461538464 0.035
2 0.6362179487179487 0.7291666666666666 0.09294871794871795 0.09666666666666666
2 0.37606837606837606 0.11916666666666667 0.038461538461538464 0.023333333333333334
2 0.4043803418803419 0.37625 0.09294871794871795 0.0725
2 0.7307692307692307 0.41333333333333333 0.04487179487179487 0.03166666666666667
2 0.8547008547008547 0.6108333333333333 0.038461538461538464 0.035
2 0.6362179487179487 0.7291666666666666 0.09294871794871795 0.09666666666666666
1 0.38354700854700857 0.05 0.0405982905982906 0.04
1 0.44764957264957267 0.05416666666666667 0.04487179487179487 0.04833333333333333
1 0.7254273504273504 0.3425 0.06196581196581197 0.055
1 0.8269230769230769 0.3475 0.05982905982905983 0.058333333333333334
1 0.875 0.5141666666666667 0.06196581196581197 0.045
