0 0.1855 0.13917122752150118 0.077 0.06098514464425332
0 0.2795 0.14386239249413604 0.043 0.04222048475371384
0 0.4175 0.026583268178264268 0.063 0.04847537138389367
0 0.776 0.0707584050039093 0.042 0.04769351055512119
0 0.8465 0.08405003909304144 0.059 0.05707584050039093
0 0.168 0.5168100078186083 0.078 0.053166536356528536
0 0.257 0.4910086004691165 0.048 0.04534792806880375
0 0.821 0.6348709929632526 0.036 0.040656763096168884
0 0.881 0.6462079749804535 0.048 0.046129788897576234
0 0.3085 0.664972634870993 0.051 0.04925723221266615
0 0.3965 0.6790461297888976 0.065 0.06802189210320563
0 0.2425 0.890539483971853 0.071 0.05629397967161845
2 0.308 0.16692728694292416 0.05 0.035183737294761534
2 0.2545 0.06841282251759187 0.051 0.03674745895230649
2 0.722 0.09577795152462862 0.052 0.04300234558248632
2 0.841 0.21579358874120408 0.042 0.0328381548084441
2 0.294 0.5297107114933541 0.05 0.03831118060985145
2 0.2675 0.6770914777169664 0.061 0.040656763096168884
2 0.3585 0.8729476153244723 0.043 0.04300234558248632
2 0.796 0.4155590304925723 0.026 0.019546520719311962
2 0.818 0.344800625488663 0.052 0.0218921032056294
2 0.784 0.664972634870993 0.042 0.03205629397967162
2 0.719 0.7849882720875684 0.034 0.026583268178264268
2 0.308 0.16692728694292416 0.05 0.035183737294761534
2 0.2545 0.06841282251759187 0.051 0.03674745895230649
2 0.722 0.09577795152462862 0.052 0.04300234558248632
2 0.841 0.21579358874120408 0.042 0.0328381548084441
2 0.294 0.5297107114933541 0.05 0.03831118060985145
2 0.2675 0.6770914777169664 0.061 0.040656763096168884
2 0.3585 0.8729476153244723 0.043 0.04300234558248632
2 0.796 0.4155590304925723 0.026 0.019546520719311962
2 0.818 0.344800625488663 0.052 0.0218921032056294
2 0.784 0.664972634870993 0.042 0.03205629397967162
2 0.719 0.7849882720875684 0.034 0.026583268178264268
1 0.07 0.17670054730258014 0.132 0.1532447224394058
1 0.08 0.9233776387802971 0.156 0.13917122752150118
1 0.664 0.400312744331509 0.068 0.053166536356528536
1 0.729 0.36982017200938233 0.058 0.0328381548084441
1 0.964 0.6465989053948398 0.068 0.08287724784988272
1 0.961 0.06411258795934324 0.07 0.10320562939796717
1 0.5 0.6903831118060985 0.104 0.12978889757623144
