0 0.8173076923076923 0.09041666666666667 0.04487179487179487 0.029166666666666667
0 0.8814102564102564 0.0875 0.05555555555555555 0.023333333333333334
0 0.7905982905982906 0.26625 0.05555555555555555 0.0325
0 0.8739316239316239 0.26458333333333334 0.06196581196581197 0.034166666666666665
0 0.1907051282051282 0.7470833333333333 0.041666666666666664 0.029166666666666667
2 0.8349358974358975 0.14666666666666667 0.045940170940170943 0.03166666666666667
2 0.8034188034188035 0.29791666666666666 0.05555555555555555 0.0325
2 0.5464743589743589 0.6191666666666666 0.030982905982905984 0.016666666666666666
2 0.7553418803418803 0.8975 0.03632478632478633 0.025
2 0.8349358974358975 0.14666666666666667 0.045940170940170943 0.03166666666666667
2 0.8034188034188035 0.29791666666666666 0.05555555555555555 0.0325
2 0.5464743589743589 0.6191666666666666 0.030982905982905984 0.016666666666666666
2 0.7553418803418803 0.8975 0.03632478632478633 0.025
1 0.5256410256410257 0.5433333333333333 0.0641025641025641 0.04
1 0.6057692307692307 0.56 0.053418803418803416 0.04666666666666667
