0 0.1944 0.093125 0.04 0.03
0 0.234 0.095 0.0248 0.02875
0 0.296 0.136875 0.0288 0.025
0 0.3456 0.1484375 0.048 0.029375
0 0.6724 0.1275 0.084 0.05125
0 0.7888 0.1115625 0.0928 0.054375
0 0.22 0.3471875 0.0608 0.039375
0 0.3132 0.345625 0.06 0.04125
2 0.256 0.12125 0.032 0.02375
2 0.3032 0.156875 0.0144 0.01125
2 0.7308 0.1565625 0.068 0.021875
2 0.282 0.3546875 0.0552 0.031875
2 0.5476 0.716875 0.0456 0.04
2 0.256 0.12125 0.032 0.02375
2 0.3032 0.156875 0.0144 0.01125
2 0.7308 0.1565625 0.068 0.021875
2 0.282 0.3546875 0.0552 0.031875
2 0.5476 0.716875 0.0456 0.04
1 0.1024 0.061875 0.112 0.08375
1 0.4016 0.19125 0.0608 0.11
1 0.1216 0.35375 0.0896 0.115
1 0.368 0.34375 0.064 0.1125
1 0.188 0.6 0.312 0.145
1 0.8832 0.155625 0.1184 0.19875
1 0.6144 0.154375 0.1248 0.19875
1 0.888 0.345 0.0992 0.1575
