0 0.348 0.1259375 0.0272 0.020625
0 0.3904 0.1240625 0.0256 0.018125
0 0.45 0.2496875 0.0344 0.020625
0 0.4848 0.2484375 0.0304 0.021875
0 0.534 0.1721875 0.0232 0.016875
0 0.566 0.1665625 0.0248 0.018125
0 0.6748 0.1309375 0.0296 0.021875
0 0.7808 0.311875 0.0784 0.04
0 0.8936 0.3090625 0.0672 0.039375
0 0.1488 0.471875 0.048 0.02375
0 0.2028 0.4703125 0.0344 0.020625
0 0.6448 0.64875 0.0432 0.02125
0 0.7036 0.6359375 0.044 0.023125
0 0.8436 0.4821875 0.0376 0.021875
2 0.3692 0.1484375 0.0344 0.015625
2 0.4832 0.261875 0.0272 0.0125
2 0.5624 0.1834375 0.0336 0.018125
2 0.1892 0.4840625 0.028 0.015625
2 0.4492 0.413125 0.052 0.0275
2 0.7296 0.671875 0.0432 0.03125
2 0.1392 0.7778125 0.0112 0.005625
2 0.3692 0.1484375 0.0344 0.015625
2 0.4832 0.261875 0.0272 0.0125
2 0.5624 0.1834375 0.0336 0.018125
2 0.1892 0.4840625 0.028 0.015625
2 0.4492 0.413125 0.052 0.0275
2 0.7296 0.671875 0.0432 0.03125
2 0.1392 0.7778125 0.0112 0.005625
1 0.4136 0.22625 0.0496 0.035
1 0.5 0.219375 0.0432 0.03375
1 0.5208 0.12875 0.0368 0.0525
1 0.5648 0.128125 0.0288 0.05125
1 0.7064 0.195 0.0784 0.0775
1 0.9152 0.1975 0.0864 0.0775
1 0.1032 0.449375 0.056 0.06875
1 0.688 0.556875 0.0608 0.08375
1 0.1776 0.739375 0.0448 0.05125
1 0.1304 0.73875 0.04 0.0425
