0 0.135 0.07458333333333333 0.043333333333333335 0.034166666666666665
0 0.775 0.13875 0.03222222222222222 0.030833333333333334
0 0.8377777777777777 0.14625 0.05333333333333334 0.035833333333333335
0 0.3622222222222222 0.41 0.04666666666666667 0.041666666666666664
2 0.2111111111111111 0.09833333333333333 0.051111111111111114 0.028333333333333332
2 0.7477777777777778 0.18583333333333332 0.07111111111111111 0.03666666666666667
2 0.4477777777777778 0.40625 0.02666666666666667 0.029166666666666667
2 0.4777777777777778 0.40958333333333335 0.03333333333333333 0.035833333333333335
2 0.20166666666666666 0.8079166666666666 0.027777777777777776 0.0225
2 0.28 0.8141666666666667 0.03111111111111111 0.03
2 0.7427777777777778 0.8308333333333333 0.027777777777777776 0.023333333333333334
2 0.2111111111111111 0.09833333333333333 0.051111111111111114 0.028333333333333332
2 0.7477777777777778 0.18583333333333332 0.07111111111111111 0.03666666666666667
2 0.4477777777777778 0.40625 0.02666666666666667 0.029166666666666667
2 0.4777777777777778 0.40958333333333335 0.03333333333333333 0.035833333333333335
2 0.20166666666666666 0.8079166666666666 0.027777777777777776 0.0225
2 0.28 0.8141666666666667 0.03111111111111111 0.03
2 0.7427777777777778 0.8308333333333333 0.027777777777777776 0.023333333333333334
1 0.05555555555555555 0.08833333333333333 0.08 0.08666666666666667
1 0.7822222222222223 0.0775 0.057777777777777775 0.065
1 0.9377777777777778 0.1325 0.11555555555555555 0.07166666666666667
1 0.27111111111111114 0.4166666666666667 0.14666666666666667 0.09
1 0.7522222222222222 0.435 0.12666666666666668 0.07
1 0.05444444444444444 0.7833333333333333 0.07333333333333333 0.07666666666666666
1 0.4411111111111111 0.7775 0.03333333333333333 0.03833333333333333
1 0.46444444444444444 0.7933333333333333 0.04888888888888889 0.07
1 0.5944444444444444 0.7825 0.07777777777777778 0.08166666666666667
1 0.9344444444444444 0.8283333333333334 0.1 0.04666666666666667
