0 0.355859375 0.17115551694178974 0.09140625 0.08340573414422242
0 0.45 0.1672458731537793 0.0546875 0.0790616854908775
0 0.405078125 0.36012163336229364 0.07109375 0.0842745438748914
0 0.49609375 0.3518679409209383 0.04375 0.060816681146828845
2 0.5 0.22849695916594265 0.0609375 0.045178105994787145
2 0.5 0.22849695916594265 0.0609375 0.045178105994787145
1 0.24296875 0.16420503909643788 0.1203125 0.10947002606429192
1 0.4984375 0.157254561251086 0.059375 0.07124239791485665
1 0.2109375 0.30929626411815814 0.284375 0.12510860121633363
1 0.61484375 0.24066029539530842 0.2078125 0.16159860990443092
