0 0.2857905982905983 0.11541666666666667 0.045940170940170943 0.03916666666666667
0 0.3798076923076923 0.11416666666666667 0.05876068376068376 0.035
0 0.781517094017094 0.3595833333333333 0.060897435897435896 0.04583333333333333
0 0.8856837606837606 0.36583333333333334 0.06196581196581197 0.04666666666666667
0 0.5817307692307693 0.5583333333333333 0.056623931623931624 0.03833333333333333
0 0.6741452991452992 0.55625 0.04700854700854701 0.0375
2 0.32051282051282054 0.17333333333333334 0.057692307692307696 0.043333333333333335
2 0.8028846153846154 0.05541666666666667 0.05876068376068376 0.04083333333333333
2 0.8098290598290598 0.40125 0.07478632478632478 0.0475
2 0.6340811965811965 0.605 0.056623931623931624 0.04
2 0.32051282051282054 0.17333333333333334 0.057692307692307696 0.043333333333333335
2 0.8028846153846154 0.05541666666666667 0.05876068376068376 0.04083333333333333
2 0.8098290598290598 0.40125 0.07478632478632478 0.0475
2 0.6340811965811965 0.605 0.056623931623931624 0.04
1 0.24358974358974358 0.04583333333333333 0.09401709401709402 0.065
1 0.41239316239316237 0.04583333333333333 0.10256410256410256 0.06166666666666667
1 0.7681623931623932 0.29833333333333334 0.09188034188034189 0.08
