0 0.6597222222222222 0.06541666666666666 0.05448717948717949 0.0275
0 0.7483974358974359 0.05 0.050213675213675216 0.03
0 0.7045940170940171 0.23083333333333333 0.05235042735042735 0.028333333333333332
0 0.26655982905982906 0.7525 0.028846153846153848 0.025
0 0.31837606837606836 0.7529166666666667 0.03205128205128205 0.0275
2 0.32745726495726496 0.15416666666666667 0.03311965811965812 0.015
2 0.48504273504273504 0.4775 0.014957264957264958 0.013333333333333334
2 0.28365384615384615 0.7754166666666666 0.03311965811965812 0.020833333333333332
2 0.7724358974358975 0.68125 0.02564102564102564 0.015833333333333335
2 0.32745726495726496 0.15416666666666667 0.03311965811965812 0.015
2 0.48504273504273504 0.4775 0.014957264957264958 0.013333333333333334
2 0.28365384615384615 0.7754166666666666 0.03311965811965812 0.020833333333333332
2 0.7724358974358975 0.68125 0.02564102564102564 0.015833333333333335
1 0.3450854700854701 0.7 0.057692307692307696 0.056666666666666664
1 0.24786324786324787 0.7008333333333333 0.05555555555555555 0.058333333333333334
