0 0.3488888888888889 0.1 0.04888888888888889 0.03
0 0.765 0.08333333333333333 0.027777777777777776 0.02666666666666667
0 0.8227777777777778 0.07875 0.03888888888888889 0.024166666666666666
0 0.14833333333333334 0.5129166666666667 0.05444444444444444 0.04083333333333333
0 0.21833333333333332 0.51 0.03666666666666667 0.035
0 0.2633333333333333 0.8079166666666666 0.051111111111111114 0.0475
0 0.33555555555555555 0.8070833333333334 0.03333333333333333 0.0475
2 0.41888888888888887 0.15458333333333332 0.035555555555555556 0.035833333333333335
2 0.77 0.12666666666666668 0.06666666666666667 0.028333333333333332
2 0.2477777777777778 0.5345833333333333 0.07555555555555556 0.034166666666666665
2 0.335 0.8608333333333333 0.07444444444444444 0.035
2 0.655 0.6083333333333333 0.07222222222222222 0.03333333333333333
2 0.41888888888888887 0.15458333333333332 0.035555555555555556 0.035833333333333335
2 0.77 0.12666666666666668 0.06666666666666667 0.028333333333333332
2 0.2477777777777778 0.5345833333333333 0.07555555555555556 0.034166666666666665
2 0.335 0.8608333333333333 0.07444444444444444 0.035
2 0.655 0.6083333333333333 0.07222222222222222 0.03333333333333333
1 0.24222222222222223 0.050833333333333335 0.13777777777777778 0.08166666666666667
1 0.8688888888888889 0.03166666666666667 0.08 0.06333333333333334
1 0.06777777777777778 0.5208333333333334 0.10444444444444445 0.12833333333333333
1 0.6766666666666666 0.4683333333333333 0.06444444444444444 0.07
