2 0.6395555555555555 0.14952380952380953 0.025777777777777778 0.018412698412698412
2 0.868 0.09206349206349207 0.025777777777777778 0.01650793650793651
2 0.17822222222222223 0.3942857142857143 0.013333333333333334 0.010158730158730159
2 0.43422222222222223 0.3558730158730159 0.036444444444444446 0.017142857142857144
2 0.6906666666666667 0.4012698412698413 0.02666666666666667 0.011428571428571429
2 0.15688888888888888 0.6847619047619048 0.016888888888888887 0.012063492063492064
2 0.2848888888888889 0.7901587301587302 0.018666666666666668 0.019682539682539683
2 0.8048888888888889 0.8215873015873015 0.018666666666666668 0.012698412698412698
2 0.6395555555555555 0.14952380952380953 0.025777777777777778 0.018412698412698412
2 0.868 0.09206349206349207 0.025777777777777778 0.01650793650793651
2 0.17822222222222223 0.3942857142857143 0.013333333333333334 0.010158730158730159
2 0.43422222222222223 0.3558730158730159 0.036444444444444446 0.017142857142857144
2 0.6906666666666667 0.4012698412698413 0.02666666666666667 0.011428571428571429
2 0.15688888888888888 0.6847619047619048 0.016888888888888887 0.012063492063492064
2 0.2848888888888889 0.7901587301587302 0.018666666666666668 0.019682539682539683
2 0.8048888888888889 0.8215873015873015 0.018666666666666668 0.012698412698412698
1 0.5591111111111111 0.7022222222222222 0.04088888888888889 0.04825396825396826
1 0.6417777777777778 0.6946031746031746 0.042666666666666665 0.03301587301587302
