0 0.2559322033898305 0.24092902711323763 0.06440677966101695 0.02492025518341308
0 0.3405367231638418 0.2372408293460925 0.042655367231638416 0.023524720893141945
2 0.3290960451977401 0.2567783094098884 0.04124293785310734 0.011961722488038277
2 0.5641242937853107 0.30043859649122806 0.025423728813559324 0.018740031897926633
2 0.3290960451977401 0.2567783094098884 0.04124293785310734 0.011961722488038277
2 0.5641242937853107 0.30043859649122806 0.025423728813559324 0.018740031897926633
1 0.21129943502824858 0.16686602870813397 0.0711864406779661 0.12081339712918661
1 0.3432203389830508 0.15729665071770335 0.06836158192090395 0.08094098883572567
1 0.7488700564971752 0.21870015948963317 0.07514124293785311 0.09529505582137161
1 0.7943502824858757 0.18919457735247208 0.04971751412429379 0.035486443381180226
