0 0.34140625 0.3197544642857143 0.0359375 0.05915178571428571
0 0.6375 0.24553571428571427 0.046875 0.05357142857142857
2 0.3203125 0.4564732142857143 0.028125 0.049107142857142856
2 0.55546875 0.19029017857142858 0.0453125 0.052455357142857144
2 0.3203125 0.4564732142857143 0.028125 0.049107142857142856
2 0.55546875 0.19029017857142858 0.0453125 0.052455357142857144
1 0.4015625 0.15401785714285715 0.065625 0.16964285714285715
1 0.44609375 0.12723214285714285 0.0515625 0.11607142857142858
1 0.70390625 0.2544642857142857 0.0671875 0.21875
1 0.76484375 0.20200892857142858 0.0546875 0.16741071428571427
