0 0.1614950634696756 0.12059103908484271 0.0465444287729196 0.027645376549094377
0 0.8568406205923836 0.16682554814108674 0.08885754583921016 0.04957102001906578
0 0.3251057827926657 0.45900857959961866 0.08321579689703808 0.05433746425166826
2 0.09379407616361073 0.13298379408960914 0.023977433004231313 0.016205910390848427
2 0.41748942172073344 0.4952335557673975 0.039492242595204514 0.03145853193517636
2 0.8215796897038082 0.2321258341277407 0.04090267983074753 0.02001906577693041
2 0.09379407616361073 0.13298379408960914 0.023977433004231313 0.016205910390848427
2 0.41748942172073344 0.4952335557673975 0.039492242595204514 0.03145853193517636
2 0.8215796897038082 0.2321258341277407 0.04090267983074753 0.02001906577693041
1 0.18758815232722145 0.06196377502383222 0.076163610719323 0.047664442326024785
1 0.2454160789844852 0.0877025738798856 0.07898448519040903 0.057197330791229746
1 0.22002820874471085 0.3813155386081983 0.14104372355430184 0.09914204003813155
1 0.385049365303244 0.3965681601525262 0.06488011283497884 0.07244995233555768
1 0.6248236953455572 0.08579599618684461 0.15514809590973203 0.09532888465204957
1 0.8279266572637518 0.06196377502383222 0.0930888575458392 0.12392755004766444
