0 0.20192307692307693 0.10375 0.06196581196581197 0.035833333333333335
0 0.2841880341880342 0.10083333333333333 0.0405982905982906 0.035
0 0.3060897435897436 0.6133333333333333 0.024572649572649572 0.015
0 0.34615384615384615 0.61 0.017094017094017096 0.013333333333333334
2 0.2793803418803419 0.145 0.05235042735042735 0.03666666666666667
2 0.33226495726495725 0.6295833333333334 0.029914529914529916 0.0225
2 0.2793803418803419 0.145 0.05235042735042735 0.03666666666666667
2 0.33226495726495725 0.6295833333333334 0.029914529914529916 0.0225
1 0.1762820512820513 0.04083333333333333 0.0876068376068376 0.058333333333333334
1 0.3344017094017094 0.05416666666666667 0.09188034188034189 0.06833333333333333
1 0.2916666666666667 0.5741666666666667 0.049145299145299144 0.041666666666666664
1 0.36752136752136755 0.5758333333333333 0.05555555555555555 0.03833333333333333
