0 0.2538377192982456 0.238671875 0.05592105263157895 0.03515625
0 0.33497807017543857 0.236328125 0.04276315789473684 0.02890625
0 0.5679824561403509 0.18828125 0.041666666666666664 0.0265625
0 0.6502192982456141 0.17734375 0.05043859649122807 0.028125
0 0.5778508771929824 0.580859375 0.02631578947368421 0.02265625
0 0.6277412280701754 0.583203125 0.025219298245614034 0.01953125
2 0.32730263157894735 0.27421875 0.044956140350877194 0.0265625
2 0.6200657894736842 0.212890625 0.047149122807017545 0.02734375
2 0.6957236842105263 0.349609375 0.01864035087719298 0.00859375
2 0.6019736842105263 0.363671875 0.010964912280701754 0.00859375
2 0.5926535087719298 0.596875 0.025219298245614034 0.0140625
2 0.7593201754385965 0.605859375 0.009868421052631578 0.00703125
2 0.32730263157894735 0.27421875 0.044956140350877194 0.0265625
2 0.6200657894736842 0.212890625 0.047149122807017545 0.02734375
2 0.6957236842105263 0.349609375 0.01864035087719298 0.00859375
2 0.6019736842105263 0.363671875 0.010964912280701754 0.00859375
2 0.5926535087719298 0.596875 0.025219298245614034 0.0140625
2 0.7593201754385965 0.605859375 0.009868421052631578 0.00703125
1 0.2138157894736842 0.16953125 0.1118421052631579 0.0921875
1 0.35526315789473684 0.178125 0.08333333333333333 0.103125
1 0.5317982456140351 0.1546875 0.09429824561403509 0.065625
1 0.6622807017543859 0.14140625 0.09210526315789473 0.0609375
1 0.5471491228070176 0.340625 0.02850877192982456 0.034375
1 0.5668859649122807 0.3328125 0.015350877192982455 0.021875
1 0.7072368421052632 0.32109375 0.02412280701754386 0.0171875
1 0.7324561403508771 0.32265625 0.03508771929824561 0.0265625
1 0.5767543859649122 0.54375 0.04824561403508772 0.040625
1 0.6458333333333334 0.55625 0.05043859649122807 0.05625
