0 0.19284188034188035 0.14541666666666667 0.05448717948717949 0.035833333333333335
0 0.2644230769230769 0.14916666666666667 0.041666666666666664 0.03166666666666667
0 0.718482905982906 0.47458333333333336 0.056623931623931624 0.030833333333333334
0 0.37446581196581197 0.6941666666666667 0.03952991452991453 0.028333333333333332
0 0.44017094017094016 0.6879166666666666 0.027777777777777776 0.0275
2 0.2403846153846154 0.1925 0.053418803418803416 0.03333333333333333
2 0.7884615384615384 0.1725 0.029914529914529916 0.018333333333333333
2 0.43643162393162394 0.7358333333333333 0.0438034188034188 0.03
2 0.2403846153846154 0.1925 0.053418803418803416 0.03333333333333333
2 0.7884615384615384 0.1725 0.029914529914529916 0.018333333333333333
2 0.43643162393162394 0.7358333333333333 0.0438034188034188 0.03
1 0.15918803418803418 0.0775 0.08333333333333333 0.07166666666666667
1 0.3215811965811966 0.09916666666666667 0.09188034188034189 0.06833333333333333
1 0.7467948717948718 0.09833333333333333 0.0405982905982906 0.043333333333333335
1 0.8012820512820513 0.0975 0.038461538461538464 0.041666666666666664
