0 0.39636752136752135 0.1225 0.10042735042735043 0.07166666666666667
0 0.5566239316239316 0.12583333333333332 0.06196581196581197 0.06333333333333334
0 0.422008547008547 0.31125 0.09829059829059829 0.0525
0 0.5833333333333334 0.3225 0.05128205128205128 0.03166666666666667
0 0.21848290598290598 0.5541666666666667 0.05876068376068376 0.035
0 0.42735042735042733 0.46166666666666667 0.053418803418803416 0.051666666666666666
0 0.20512820512820512 0.7554166666666666 0.057692307692307696 0.030833333333333334
2 0.781517094017094 0.47458333333333336 0.0202991452991453 0.014166666666666666
2 0.781517094017094 0.47458333333333336 0.0202991452991453 0.014166666666666666
1 0.8034188034188035 0.4275 0.029914529914529916 0.028333333333333332
1 0.7425213675213675 0.4266666666666667 0.0405982905982906 0.03333333333333333
