0 0.7505952380952381 0.4318181818181818 0.041666666666666664 0.045454545454545456
0 0.8321428571428572 0.43363636363636365 0.06666666666666667 0.04363636363636364
0 0.46130952380952384 0.6759090909090909 0.039285714285714285 0.04090909090909091
0 0.5297619047619048 0.6677272727272727 0.05238095238095238 0.035454545454545454
0 0.7178571428571429 0.7672727272727272 0.04285714285714286 0.03090909090909091
0 0.825 0.7636363636363637 0.1 0.04
2 0.3976190476190476 0.4259090909090909 0.023809523809523808 0.013636363636363636
2 0.3482142857142857 0.5040909090909091 0.013095238095238096 0.008181818181818182
2 0.7767857142857143 0.45590909090909093 0.039285714285714285 0.011818181818181818
2 0.4773809523809524 0.7077272727272728 0.05 0.022727272727272728
2 0.18571428571428572 0.7709090909090909 0.016666666666666666 0.01090909090909091
2 0.44821428571428573 0.8913636363636364 0.015476190476190477 0.01
2 0.7452380952380953 0.7940909090909091 0.06428571428571428 0.015454545454545455
2 0.3976190476190476 0.4259090909090909 0.023809523809523808 0.013636363636363636
2 0.3482142857142857 0.5040909090909091 0.013095238095238096 0.008181818181818182
2 0.7767857142857143 0.45590909090909093 0.039285714285714285 0.011818181818181818
2 0.4773809523809524 0.7077272727272728 0.05 0.022727272727272728
2 0.18571428571428572 0.7709090909090909 0.016666666666666666 0.01090909090909091
2 0.44821428571428573 0.8913636363636364 0.015476190476190477 0.01
2 0.7452380952380953 0.7940909090909091 0.06428571428571428 0.015454545454545455
1 0.25357142857142856 0.46090909090909093 0.05476190476190476 0.11090909090909092
1 0.2916666666666667 0.44636363636363635 0.04047619047619048 0.10363636363636364
1 0.5154761904761904 0.3690909090909091 0.05952380952380952 0.06181818181818182
1 0.475 0.6236363636363637 0.04047619047619048 0.03272727272727273
1 0.5845238095238096 0.64 0.07857142857142857 0.06181818181818182
