0 0.39609375 0.3018660812294182 0.0265625 0.03951701427003293
0 0.4375 0.31009879253567507 0.03125 0.04061470911086718
2 0.40078125 0.3562019758507135 0.0296875 0.027442371020856202
2 0.607421875 0.1783754116355653 0.02265625 0.025246981339187707
2 0.912109375 0.40065861690450055 0.01640625 0.019758507135016465
2 0.816796875 0.4176728869374314 0.01015625 0.01646542261251372
2 0.884765625 0.3062568605927552 0.00703125 0.013172338090010977
2 0.98046875 0.32546652030735457 0.0171875 0.014270032930845226
2 0.24375 0.07793633369923161 0.009375 0.015367727771679473
2 0.40078125 0.3562019758507135 0.0296875 0.027442371020856202
2 0.607421875 0.1783754116355653 0.02265625 0.025246981339187707
2 0.912109375 0.40065861690450055 0.01640625 0.019758507135016465
2 0.816796875 0.4176728869374314 0.01015625 0.01646542261251372
2 0.884765625 0.3062568605927552 0.00703125 0.013172338090010977
2 0.98046875 0.32546652030735457 0.0171875 0.014270032930845226
2 0.24375 0.07793633369923161 0.009375 0.015367727771679473
1 0.48125 0.3556531284302964 0.046875 0.1712403951701427
1 0.3828125 0.35016465422612514 0.034375 0.1602634467618002
