2 0.38166666666666665 0.4691666666666667 0.03333333333333333 0.035
2 0.4708333333333333 0.31333333333333335 0.03833333333333333 0.03
2 0.5741666666666667 0.4691666666666667 0.025 0.025
2 0.41083333333333333 0.6258333333333334 0.021666666666666667 0.021666666666666667
2 0.5641666666666667 0.6283333333333333 0.03833333333333333 0.02666666666666667
2 0.38166666666666665 0.4691666666666667 0.03333333333333333 0.035
2 0.4708333333333333 0.31333333333333335 0.03833333333333333 0.03
2 0.5741666666666667 0.4691666666666667 0.025 0.025
2 0.41083333333333333 0.6258333333333334 0.021666666666666667 0.021666666666666667
2 0.5641666666666667 0.6283333333333333 0.03833333333333333 0.02666666666666667
1 0.28 0.33916666666666667 0.043333333333333335 0.051666666666666666
1 0.35083333333333333 0.3325 0.04833333333333333 0.06166666666666667
1 0.49333333333333335 0.225 0.03333333333333333 0.05333333333333334
1 0.5591666666666667 0.23583333333333334 0.03833333333333333 0.06166666666666667
1 0.6383333333333333 0.35583333333333333 0.05 0.06833333333333333
1 0.7 0.3725 0.05333333333333334 0.08166666666666667
1 0.3283333333333333 0.7108333333333333 0.05333333333333334 0.04833333333333333
1 0.69 0.6833333333333333 0.056666666666666664 0.04
1 0.6791666666666667 0.7216666666666667 0.051666666666666666 0.043333333333333335
