0 0.23533083645443195 0.21010248901903367 0.06117353308364544 0.06588579795021962
0 0.3233458177278402 0.24084919472913616 0.06741573033707865 0.08052708638360176
0 0.7397003745318352 0.18814055636896046 0.03870162297128589 0.0629575402635432
0 0.8177278401997503 0.22840409956076135 0.06741573033707865 0.06734992679355783
0 0.2590511860174782 0.6969253294289898 0.05368289637952559 0.06442166910688141
0 0.33458177278401996 0.7247437774524158 0.05493133583021224 0.08199121522693997
0 0.7247191011235955 0.7079062957540263 0.04369538077403246 0.0629575402635432
0 0.7983770287141073 0.7335285505124451 0.07116104868913857 0.0849194729136164
2 0.23470661672908863 0.27013177159590046 0.04744069912609238 0.04538799414348463
2 0.7322097378277154 0.24231332357247437 0.05118601747815231 0.0424597364568082
2 0.24157303370786518 0.7459736456808199 0.04369538077403246 0.03953147877013177
2 0.7191011235955056 0.7576866764275256 0.04244694132334582 0.03953147877013177
2 0.23470661672908863 0.27013177159590046 0.04744069912609238 0.04538799414348463
2 0.7322097378277154 0.24231332357247437 0.05118601747815231 0.0424597364568082
2 0.24157303370786518 0.7459736456808199 0.04369538077403246 0.03953147877013177
2 0.7191011235955056 0.7576866764275256 0.04244694132334582 0.03953147877013177
1 0.2940074906367041 0.09663250366032211 0.0986267166042447 0.12298682284040996
1 0.42197253433208487 0.21376281112737922 0.1647940074906367 0.13469985358711567
1 0.6991260923845194 0.19692532942898974 0.0599250936329588 0.07174231332357248
1 0.9138576779026217 0.2525622254758419 0.1198501872659176 0.15373352855051245
1 0.39263420724094883 0.8023426061493412 0.10861423220973783 0.1376281112737921
1 0.7290886392009988 0.5893118594436311 0.09488139825218476 0.1683748169838946
1 0.8645443196004994 0.6251830161054173 0.08863920099875156 0.30161054172767204
