0 0.4951923076923077 0.175 0.03952991452991453 0.028333333333333332
0 0.5657051282051282 0.17 0.03739316239316239 0.023333333333333334
0 0.4155982905982906 0.5091666666666667 0.027777777777777776 0.021666666666666667
0 0.46634615384615385 0.5120833333333333 0.026709401709401708 0.025833333333333333
0 0.8787393162393162 0.5629166666666666 0.18055555555555555 0.09583333333333334
2 0.5261752136752137 0.2075 0.050213675213675216 0.03
2 0.4465811965811966 0.5366666666666666 0.03418803418803419 0.021666666666666667
2 0.5827991452991453 0.765 0.125 0.06833333333333333
2 0.5261752136752137 0.2075 0.050213675213675216 0.03
2 0.4465811965811966 0.5366666666666666 0.03418803418803419 0.021666666666666667
2 0.5827991452991453 0.765 0.125 0.06833333333333333
1 0.46260683760683763 0.12333333333333334 0.06196581196581197 0.07666666666666666
1 0.5801282051282052 0.10833333333333334 0.09615384615384616 0.08
1 0.4049145299145299 0.4558333333333333 0.057692307692307696 0.065
1 0.49572649572649574 0.48333333333333334 0.05982905982905983 0.04666666666666667
