0 0.6810897435897436 0.17166666666666666 0.028846153846153848 0.021666666666666667
0 0.7232905982905983 0.17666666666666667 0.021367521367521368 0.018333333333333333
0 0.5197649572649573 0.46541666666666665 0.11004273504273504 0.0425
0 0.5822649572649573 0.6945833333333333 0.042735042735042736 0.029166666666666667
0 0.6452991452991453 0.7091666666666666 0.038461538461538464 0.02666666666666667
0 0.8221153846153846 0.71875 0.03739316239316239 0.029166666666666667
0 0.8969017094017094 0.7329166666666667 0.03952991452991453 0.024166666666666666
2 0.7174145299145299 0.18583333333333332 0.035256410256410256 0.018333333333333333
2 0.6180555555555556 0.71875 0.0438034188034188 0.029166666666666667
2 0.8659188034188035 0.7591666666666667 0.04807692307692308 0.03
2 0.7174145299145299 0.18583333333333332 0.035256410256410256 0.018333333333333333
2 0.6180555555555556 0.71875 0.0438034188034188 0.029166666666666667
2 0.8659188034188035 0.7591666666666667 0.04807692307692308 0.03
1 0.655982905982906 0.14333333333333334 0.04700854700854701 0.05
1 0.7264957264957265 0.14333333333333334 0.03418803418803419 0.043333333333333335
1 0.5747863247863247 0.6366666666666667 0.08547008547008547 0.06666666666666667
1 0.6730769230769231 0.6483333333333333 0.05982905982905983 0.07666666666666666
1 0.8194444444444444 0.6625 0.0876068376068376 0.06833333333333333
1 0.9444444444444444 0.6975 0.07264957264957266 0.055
