0 0.7398504273504274 0.11166666666666666 0.07158119658119658 0.051666666666666666
0 0.8504273504273504 0.12041666666666667 0.0641025641025641 0.05583333333333333
0 0.6159188034188035 0.4325 0.07799145299145299 0.056666666666666664
0 0.7211538461538461 0.45416666666666666 0.0405982905982906 0.03333333333333333
0 0.19391025641025642 0.66875 0.1891025641025641 0.05416666666666667
0 0.3856837606837607 0.7675 0.08333333333333333 0.05
0 0.6506410256410257 0.6954166666666667 0.03418803418803419 0.025833333333333333
0 0.8306623931623932 0.6995833333333333 0.028846153846153848 0.0225
0 0.8782051282051282 0.70375 0.023504273504273504 0.0225
2 0.8082264957264957 0.16541666666666666 0.07158119658119658 0.050833333333333335
2 0.7585470085470085 0.5041666666666667 0.07051282051282051 0.07166666666666667
2 0.6891025641025641 0.7191666666666666 0.0405982905982906 0.035
2 0.8552350427350427 0.7116666666666667 0.03311965811965812 0.023333333333333334
2 0.8082264957264957 0.16541666666666666 0.07158119658119658 0.050833333333333335
2 0.7585470085470085 0.5041666666666667 0.07051282051282051 0.07166666666666667
2 0.6891025641025641 0.7191666666666666 0.0405982905982906 0.035
2 0.8552350427350427 0.7116666666666667 0.03311965811965812 0.023333333333333334
1 0.9305555555555556 0.056666666666666664 0.09615384615384616 0.08
1 0.6271367521367521 0.6383333333333333 0.0876068376068376 0.09
1 0.8183760683760684 0.6691666666666667 0.05128205128205128 0.055
1 0.8920940170940171 0.6758333333333333 0.04487179487179487 0.06166666666666667
