0 0.1695 0.16949752300070772 0.031 0.021939136588818117
0 0.2065 0.17551309271054494 0.021 0.016985138004246284
0 0.666 0.12809624911535739 0.036 0.01556970983722576
0 0.714 0.1259731068648266 0.026 0.01556970983722576
0 0.184 0.440552016985138 0.024 0.01627742392073602
0 0.231 0.4345364472753008 0.026 0.01556970983722576
0 0.3395 0.47416843595187547 0.027 0.016985138004246284
0 0.3875 0.4600141542816702 0.029 0.021231422505307854
0 0.852 0.3343949044585987 0.036 0.01910828025477707
0 0.8325 0.47841472045293704 0.039 0.021231422505307854
0 0.8835 0.47876857749469215 0.039 0.01910828025477707
0 0.168 0.8743807501769285 0.042 0.02335456475583864
2 0.1915 0.19603680113234254 0.025 0.01556970983722576
2 0.6975 0.12845010615711253 0.027 0.014861995753715499
2 0.1985 0.4497523000707714 0.025 0.012031139419674451
2 0.3655 0.4720452937013447 0.031 0.01556970983722576
2 0.7975 0.3471337579617834 0.027 0.01627742392073602
2 0.863 0.49292285916489736 0.022 0.010615711252653927
2 0.8795 0.7813163481953291 0.025 0.012738853503184714
2 0.2315 0.8765038924274593 0.037 0.01910828025477707
2 0.1915 0.19603680113234254 0.025 0.01556970983722576
2 0.6975 0.12845010615711253 0.027 0.014861995753715499
2 0.1985 0.4497523000707714 0.025 0.012031139419674451
2 0.3655 0.4720452937013447 0.031 0.01556970983722576
2 0.7975 0.3471337579617834 0.027 0.01627742392073602
2 0.863 0.49292285916489736 0.022 0.010615711252653927
2 0.8795 0.7813163481953291 0.025 0.012738853503184714
2 0.2315 0.8765038924274593 0.037 0.01910828025477707
1 0.163 0.12738853503184713 0.046 0.048124557678697805
1 0.218 0.13092710544939845 0.032 0.04953998584571833
1 0.399 0.0799716914366596 0.058 0.043878273177636234
1 0.495 0.1111111111111111 0.094 0.09483368719037509
1 0.644 0.09978768577494693 0.052 0.06369426751592357
1 0.717 0.08987968860580325 0.058 0.06369426751592357
1 0.17 0.41118188251946214 0.04 0.04953998584571833
1 0.241 0.3913658881811748 0.05 0.043878273177636234
1 0.296 0.462137296532201 0.048 0.03821656050955414
1 0.385 0.4309978768577495 0.046 0.03821656050955414
1 0.805 0.42604387827317763 0.066 0.08209483368719038
1 0.886 0.42533616418966735 0.068 0.11181882519462137
1 0.1 0.6383581033262562 0.08 0.08775654635527247
1 0.206 0.6348195329087049 0.068 0.08917197452229299
1 0.062 0.8223637650389243 0.052 0.08775654635527247
1 0.102 0.8343949044585988 0.084 0.11181882519462137
