0 0.20809248554913296 0.16666666666666666 0.025433526011560695 0.015
0 0.5554913294797688 0.17625 0.03121387283236994 0.019166666666666665
0 0.7705202312138728 0.15541666666666668 0.024277456647398842 0.0125
0 0.8092485549132948 0.48791666666666667 0.048554913294797684 0.0275
0 0.130635838150289 0.8408333333333333 0.05086705202312139 0.03333333333333333
0 0.3092485549132948 0.8391666666666666 0.03352601156069364 0.021666666666666667
0 0.3739884393063584 0.82125 0.04277456647398844 0.029166666666666667
0 0.8323699421965318 0.7929166666666667 0.10867052023121387 0.07083333333333333
2 0.16820809248554913 0.18166666666666667 0.021965317919075144 0.016666666666666666
2 0.5161849710982659 0.19583333333333333 0.026589595375722544 0.011666666666666667
2 0.7254335260115607 0.17083333333333334 0.017341040462427744 0.013333333333333334
2 0.2254335260115607 0.49916666666666665 0.03236994219653179 0.03
2 0.5687861271676301 0.505 0.03468208092485549 0.016666666666666666
2 0.7277456647398844 0.52375 0.04046242774566474 0.0225
2 0.2046242774566474 0.8775 0.04393063583815029 0.02666666666666667
2 0.3375722543352601 0.8704166666666666 0.03468208092485549 0.019166666666666665
2 0.9052023121387284 0.8616666666666667 0.055491329479768786 0.04666666666666667
2 0.16820809248554913 0.18166666666666667 0.021965317919075144 0.016666666666666666
2 0.5161849710982659 0.19583333333333333 0.026589595375722544 0.011666666666666667
2 0.7254335260115607 0.17083333333333334 0.017341040462427744 0.013333333333333334
2 0.2254335260115607 0.49916666666666665 0.03236994219653179 0.03
2 0.5687861271676301 0.505 0.03468208092485549 0.016666666666666666
2 0.7277456647398844 0.52375 0.04046242774566474 0.0225
2 0.2046242774566474 0.8775 0.04393063583815029 0.02666666666666667
2 0.3375722543352601 0.8704166666666666 0.03468208092485549 0.019166666666666665
2 0.9052023121387284 0.8616666666666667 0.055491329479768786 0.04666666666666667
1 0.23699421965317918 0.16 0.04393063583815029 0.043333333333333335
1 0.815028901734104 0.13416666666666666 0.05317919075144509 0.045
1 0.5387283236994219 0.43916666666666665 0.04161849710982659 0.045
1 0.669364161849711 0.43833333333333335 0.048554913294797684 0.056666666666666664
1 0.7630057803468208 0.41583333333333333 0.055491329479768786 0.058333333333333334
1 0.861271676300578 0.42583333333333334 0.06242774566473988 0.11166666666666666
1 0.26473988439306356 0.8058333333333333 0.07167630057803469 0.051666666666666666
1 0.4393063583815029 0.5358333333333334 0.09248554913294797 0.12833333333333333
1 0.08323699421965318 0.4375 0.05086705202312139 0.09833333333333333
