0 0.5083655083655083 0.05723505434782609 0.08751608751608751 0.016644021739130436
0 0.6036036036036037 0.053158967391304345 0.059202059202059204 0.00985054347826087
0 0.4864864864864865 0.18189538043478262 0.05148005148005148 0.012567934782608696
0 0.5694980694980695 0.18240489130434784 0.0682110682110682 0.008831521739130434
0 0.6003861003861004 0.3296535326086957 0.07335907335907337 0.020040760869565216
0 0.4266409266409266 0.4969429347826087 0.16859716859716858 0.027853260869565216
0 0.5978120978120978 0.48845108695652173 0.10167310167310167 0.024456521739130436
0 0.48584298584298585 0.6248301630434783 0.09137709137709138 0.022078804347826088
0 0.581081081081081 0.615828804347826 0.07335907335907337 0.016304347826086956
0 0.6126126126126126 0.73046875 0.09523809523809523 0.020720108695652172
0 0.7297297297297297 0.7297894021739131 0.0978120978120978 0.026834239130434784
2 0.5855855855855856 0.060122282608695655 0.06435006435006435 0.010190217391304348
2 0.4594594594594595 0.18851902173913043 0.03861003861003861 0.007472826086956522
2 0.7155727155727156 0.33967391304347827 0.04633204633204633 0.012228260869565218
2 0.5546975546975547 0.5054347826086957 0.07464607464607464 0.016304347826086956
2 0.5675675675675675 0.6260190217391305 0.05405405405405406 0.008831521739130434
2 0.6074646074646075 0.7391304347826086 0.04633204633204633 0.012228260869565218
2 0.6975546975546976 0.890625 0.07722007722007722 0.014945652173913044
2 0.5855855855855856 0.060122282608695655 0.06435006435006435 0.010190217391304348
2 0.4594594594594595 0.18851902173913043 0.03861003861003861 0.007472826086956522
2 0.7155727155727156 0.33967391304347827 0.04633204633204633 0.012228260869565218
2 0.5546975546975547 0.5054347826086957 0.07464607464607464 0.016304347826086956
2 0.5675675675675675 0.6260190217391305 0.05405405405405406 0.008831521739130434
2 0.6074646074646075 0.7391304347826086 0.04633204633204633 0.012228260869565218
2 0.6975546975546976 0.890625 0.07722007722007722 0.014945652173913044
1 0.435006435006435 0.04110054347826087 0.07722007722007722 0.029211956521739132
1 0.5637065637065637 0.024456521739130436 0.04633204633204633 0.020380434782608696
1 0.5534105534105535 0.1610054347826087 0.07207207207207207 0.012228260869565218
1 0.640926640926641 0.1749320652173913 0.11840411840411841 0.01970108695652174
1 0.4247104247104247 0.32540760869565216 0.16473616473616473 0.028532608695652172
1 0.38996138996138996 0.6059782608695652 0.13127413127413126 0.036684782608695655
1 0.5534105534105535 0.5828804347826086 0.05662805662805663 0.02717391304347826
1 0.7142857142857143 0.7065217391304348 0.08494208494208494 0.009510869565217392
1 0.8146718146718147 0.7177309782608695 0.15701415701415702 0.027853260869565216
1 0.7760617760617761 0.8617527173913043 0.10038610038610038 0.006114130434782609
1 0.8738738738738738 0.8733016304347826 0.10553410553410554 0.018342391304347828
