0 0.6217948717948718 0.10666666666666667 0.0641025641025641 0.055
0 0.7248931623931624 0.11583333333333333 0.07585470085470085 0.051666666666666666
0 0.39903846153846156 0.49041666666666667 0.04807692307692308 0.050833333333333335
0 0.5950854700854701 0.46208333333333335 0.05982905982905983 0.060833333333333336
0 0.2622863247863248 0.7625 0.06517094017094018 0.05
0 0.3888888888888889 0.7620833333333333 0.05982905982905983 0.05583333333333333
0 0.7216880341880342 0.7633333333333333 0.050213675213675216 0.043333333333333335
0 0.8402777777777778 0.7679166666666667 0.060897435897435896 0.049166666666666664
2 0.6308760683760684 0.16791666666666666 0.07799145299145299 0.0475
2 0.2847222222222222 0.8154166666666667 0.08440170940170941 0.050833333333333335
2 0.7441239316239316 0.8125 0.09081196581196581 0.055
2 0.6308760683760684 0.16791666666666666 0.07799145299145299 0.0475
2 0.2847222222222222 0.8154166666666667 0.08440170940170941 0.050833333333333335
2 0.7441239316239316 0.8125 0.09081196581196581 0.055
1 0.47115384615384615 0.7058333333333333 0.11324786324786325 0.075
1 0.6933760683760684 0.7066666666666667 0.08333333333333333 0.07666666666666666
1 0.8931623931623932 0.72 0.11538461538461539 0.09666666666666666
