0 0.28 0.14006211180124223 0.0375 0.021739130434782608
0 0.351875 0.13043478260869565 0.05625 0.024844720496894408
0 0.82625 0.20652173913043478 0.05 0.03540372670807453
0 0.93875 0.18509316770186335 0.06 0.034782608695652174
0 0.259375 0.7006211180124223 0.07625 0.02236024844720497
2 0.311875 0.15900621118012423 0.03625 0.016149068322981366
2 0.2675 0.3552795031055901 0.035 0.011180124223602485
2 0.133125 0.7096273291925466 0.04625 0.019254658385093167
2 0.311875 0.15900621118012423 0.03625 0.016149068322981366
2 0.2675 0.3552795031055901 0.035 0.011180124223602485
2 0.133125 0.7096273291925466 0.04625 0.019254658385093167
1 0.25625 0.09503105590062112 0.0875 0.058385093167701865
1 0.3625 0.07267080745341616 0.075 0.06335403726708075
1 0.465 0.3695652173913043 0.14 0.040993788819875775
1 0.385 0.6919254658385093 0.165 0.03229813664596273
