0 0.6903973509933775 0.2214225232853514 0.076158940397351 0.04487722269263336
0 0.7610375275938189 0.21041490262489415 0.03863134657836645 0.04657070279424217
0 0.1997792494481236 0.745977984758679 0.04415011037527594 0.023708721422523286
0 0.23344370860927152 0.7468247248094835 0.025386313465783666 0.02032176121930567
0 0.3509933774834437 0.7993226079593565 0.02869757174392936 0.02201524132091448
0 0.3824503311258278 0.7993226079593565 0.029801324503311258 0.015241320914479255
0 0.5888520971302428 0.7667231160033869 0.03863134657836645 0.0279424216765453
0 0.6236203090507726 0.7650296359017782 0.026490066225165563 0.024555461473327687
0 0.7582781456953642 0.8137171888230313 0.03532008830022075 0.027095681625740897
0 0.7947019867549668 0.8132938187976291 0.02207505518763797 0.01947502116850127
2 0.2378587196467991 0.2286198137171888 0.029801324503311258 0.013547840812870448
2 0.43322295805739514 0.23073666384419983 0.02097130242825607 0.012701100762066046
2 0.7527593818984547 0.2531752751905165 0.04415011037527594 0.027095681625740897
2 0.7864238410596026 0.23158340389500423 0.02097130242825607 0.01947502116850127
2 0.20033112582781457 0.45977984758679086 0.03863134657836645 0.03048264182895851
2 0.35927152317880795 0.5812870448772227 0.025386313465783666 0.017781541066892465
2 0.22792494481236203 0.7629127857747672 0.016556291390728478 0.006773920406435224
2 0.37748344370860926 0.8141405588484335 0.019867549668874173 0.009314140558848433
2 0.6192052980132451 0.7811176968670618 0.01545253863134658 0.01100762066045724
2 0.7969094922737306 0.8306519898391194 0.01545253863134658 0.013547840812870448
2 0.2378587196467991 0.2286198137171888 0.029801324503311258 0.013547840812870448
2 0.43322295805739514 0.23073666384419983 0.02097130242825607 0.012701100762066046
2 0.7527593818984547 0.2531752751905165 0.04415011037527594 0.027095681625740897
2 0.7864238410596026 0.23158340389500423 0.02097130242825607 0.01947502116850127
2 0.20033112582781457 0.45977984758679086 0.03863134657836645 0.03048264182895851
2 0.35927152317880795 0.5812870448772227 0.025386313465783666 0.017781541066892465
2 0.22792494481236203 0.7629127857747672 0.016556291390728478 0.006773920406435224
2 0.37748344370860926 0.8141405588484335 0.019867549668874173 0.009314140558848433
2 0.6192052980132451 0.7811176968670618 0.01545253863134658 0.01100762066045724
2 0.7969094922737306 0.8306519898391194 0.01545253863134658 0.013547840812870448
1 0.5496688741721855 0.20491109229466553 0.06622516556291391 0.06096528365791702
1 0.31456953642384106 0.18374259102455545 0.04194260485651214 0.05927180355630821
1 0.41832229580573954 0.4826418289585097 0.02869757174392936 0.057578323454699404
1 0.5033112582781457 0.4792548687552921 0.039735099337748346 0.057578323454699404
1 0.39293598233995586 0.7519051651143099 0.04856512141280353 0.07112616426756986
1 0.5463576158940397 0.7535986452159187 0.05077262693156733 0.04064352243861134
1 0.6556291390728477 0.7586790855207451 0.02207505518763797 0.023708721422523286
