0 0.2264351523742027 0.42975 0.06449326718639263 0.0235
0 0.3008504606661942 0.423 0.05315379163713678 0.02
0 0.6467044649184975 0.4915 0.026222537207654145 0.022
0 0.6867469879518072 0.4995 0.05386250885896527 0.031
0 0.7884479092841956 0.544 0.027639971651311126 0.021
0 0.8284904323175053 0.5385 0.03543586109142452 0.021
2 0.628632175761871 0.4985 0.024096385542168676 0.015
2 0.628632175761871 0.4985 0.024096385542168676 0.015
1 0.1793054571226081 0.373 0.07512402551381998 0.078
1 0.556343019135365 0.2065 0.06945428773919206 0.063
1 0.6768249468462083 0.2145 0.05244507441530829 0.061
1 0.8185683912119065 0.2515 0.0666194188518781 0.059
1 0.8695960311835578 0.2455 0.029766123316796598 0.041
1 0.32175761871013464 0.353 0.05102763997165131 0.044
1 0.6888731396172927 0.446 0.042523033309709427 0.028
1 0.739900779588944 0.478 0.039688164422395464 0.066
1 0.7668320340184267 0.505 0.028348688873139617 0.032
1 0.8504606661941885 0.505 0.04535790219702339 0.056
1 0.3557760453579022 0.595 0.05102763997165131 0.05
1 0.3132530120481928 0.584 0.0368532955350815 0.028
