0 0.09244826659500134 0.18063583815028902 0.01719967750604676 0.019588953114964676
0 0.12093523246439129 0.18063583815028902 0.02526202633700618 0.01894669235709698
0 0.5956732061273851 0.17903018625561978 0.03359312012899758 0.017662170841361593
0 0.6232195646331631 0.18224149004495827 0.02418704649287826 0.02023121387283237
2 0.09164203171190541 0.20809248554913296 0.017737167428110722 0.016698779704560053
2 0.3824240795485085 0.24887604367373153 0.026337006181134104 0.01605651894669236
2 0.5912389142703575 0.20873474630700065 0.022574576726686373 0.020552344251766216
2 0.7551733404998656 0.17790622992935132 0.019349637194302608 0.024405908798972382
2 0.09137328675087342 0.6984585741811176 0.019349637194302608 0.017341040462427744
2 0.25477022305831765 0.6666666666666666 0.01612469766191884 0.019267822736030827
2 0.7280300994356356 0.6766217084136159 0.013437248051599033 0.017341040462427744
2 0.7401236226820748 0.6814386640976237 0.015049717817790917 0.020552344251766216
2 0.09164203171190541 0.20809248554913296 0.017737167428110722 0.016698779704560053
2 0.3824240795485085 0.24887604367373153 0.026337006181134104 0.01605651894669236
2 0.5912389142703575 0.20873474630700065 0.022574576726686373 0.020552344251766216
2 0.7551733404998656 0.17790622992935132 0.019349637194302608 0.024405908798972382
2 0.09137328675087342 0.6984585741811176 0.019349637194302608 0.017341040462427744
2 0.25477022305831765 0.6666666666666666 0.01612469766191884 0.019267822736030827
2 0.7280300994356356 0.6766217084136159 0.013437248051599033 0.017341040462427744
2 0.7401236226820748 0.6814386640976237 0.015049717817790917 0.020552344251766216
1 0.09298575651706531 0.14611432241490044 0.011824778285407149 0.0224791265253693
1 0.1499596882558452 0.1599229287090559 0.02472453641494222 0.037251123956326265
1 0.32410642300456866 0.25016056518946694 0.027949475947325986 0.045600513808606295
1 0.5925826390755173 0.14739884393063585 0.013437248051599033 0.0224791265253693
1 0.7694168234345606 0.2742453436095055 0.027411986025262028 0.05908798972382787
1 0.09137328675087342 0.6361592806679512 0.015049717817790917 0.023763648041104687
1 0.15049717817790917 0.6477199743095697 0.02042461703843053 0.036608863198458574
1 0.6487503359312012 0.15895953757225434 0.026874496103198066 0.036608863198458574
1 0.26820747110991666 0.7636480411046885 0.025799516259070142 0.05394990366088632
1 0.6460628863208815 0.6724470134874759 0.030099435635581834 0.030828516377649325
1 0.6893308250470304 0.6368015414258189 0.018812147272238646 0.01605651894669236
1 0.7532921257726417 0.7736030828516378 0.02848696586938995 0.05973025048169557
