0 0.3194905869324474 0.21953125 0.06976744186046512 0.0453125
0 0.3770764119601329 0.208203125 0.05204872646733112 0.03515625
0 0.5299003322259136 0.20390625 0.03875968992248062 0.0375
0 0.5841638981173864 0.215625 0.04318936877076412 0.0328125
0 0.13067552602436322 0.52109375 0.06201550387596899 0.0375
0 0.22369878183831673 0.543359375 0.13067552602436322 0.07109375
0 0.694905869324474 0.659375 0.07862679955703211 0.0640625
0 0.7724252491694352 0.65859375 0.06755260243632337 0.0546875
2 0.35658914728682173 0.23203125 0.031007751937984496 0.0125
2 0.5581395348837209 0.230078125 0.026578073089700997 0.01484375
2 0.0753045404208195 0.52265625 0.05094130675526024 0.028125
2 0.7380952380952381 0.6796875 0.029900332225913623 0.0109375
2 0.35658914728682173 0.23203125 0.031007751937984496 0.0125
2 0.5581395348837209 0.230078125 0.026578073089700997 0.01484375
2 0.0753045404208195 0.52265625 0.05094130675526024 0.028125
2 0.7380952380952381 0.6796875 0.029900332225913623 0.0109375
1 0.26578073089701 0.16484375 0.0753045404208195 0.0640625
1 0.39756367663344405 0.15078125 0.05537098560354374 0.0609375
1 0.530454042081949 0.16171875 0.06866002214839424 0.0546875
1 0.6256921373200443 0.18515625 0.05094130675526024 0.0578125
1 0.3875968992248062 0.47734375 0.14174972314507198 0.1171875
1 0.6267995570321152 0.63125 0.09745293466223699 0.04375
1 0.858250276854928 0.6359375 0.11295681063122924 0.05
1 0.6434108527131783 0.5078125 0.07751937984496124 0.053125
1 0.831672203765227 0.51953125 0.08637873754152824 0.0671875
