0 0.25267665952890794 0.4199395770392749 0.029978586723768737 0.04833836858006042
0 0.31156316916488225 0.4297583081570997 0.05353319057815846 0.06797583081570997
0 0.30460385438972165 0.1487915407854985 0.031049250535331904 0.0770392749244713
0 0.3554603854389722 0.12386706948640483 0.05139186295503212 0.06948640483383686
0 0.4512847965738758 0.38444108761329304 0.05032119914346895 0.09818731117824774
0 0.5390792291220556 0.40558912386706947 0.06531049250535331 0.09516616314199396
0 0.6921841541755889 0.5083081570996979 0.033190578158458245 0.04682779456193353
0 0.7451820128479657 0.622356495468278 0.034261241970021415 0.054380664652567974
0 0.8099571734475375 0.6578549848942599 0.05246252676659529 0.0770392749244713
0 0.775695931477516 0.1646525679758308 0.035331905781584586 0.08157099697885196
0 0.8426124197002142 0.1933534743202417 0.05353319057815846 0.08157099697885196
0 0.869914346895075 0.37084592145015105 0.022483940042826552 0.04984894259818731
0 0.917558886509636 0.38746223564954685 0.04068522483940043 0.04682779456193353
2 0.3302997858672377 0.20241691842900303 0.035331905781584586 0.03323262839879154
2 0.7660599571734475 0.22280966767371602 0.056745182012847964 0.061933534743202415
2 0.4416488222698073 0.46827794561933533 0.06745182012847965 0.05740181268882175
2 0.26017130620985013 0.4509063444108761 0.03640256959314775 0.03172205438066465
2 0.6472162740899358 0.5264350453172205 0.022483940042826552 0.0256797583081571
2 0.8725910064239829 0.4086102719033233 0.029978586723768737 0.04078549848942598
2 0.734475374732334 0.6895770392749244 0.032119914346895075 0.04984894259818731
2 0.3302997858672377 0.20241691842900303 0.035331905781584586 0.03323262839879154
2 0.7660599571734475 0.22280966767371602 0.056745182012847964 0.061933534743202415
2 0.4416488222698073 0.46827794561933533 0.06745182012847965 0.05740181268882175
2 0.26017130620985013 0.4509063444108761 0.03640256959314775 0.03172205438066465
2 0.6472162740899358 0.5264350453172205 0.022483940042826552 0.0256797583081571
2 0.8725910064239829 0.4086102719033233 0.029978586723768737 0.04078549848942598
2 0.734475374732334 0.6895770392749244 0.032119914346895075 0.04984894259818731
1 0.24518201284796573 0.09743202416918428 0.09207708779443255 0.09818731117824774
1 0.36670235546038543 0.0702416918429003 0.10385438972162742 0.1283987915407855
1 0.7799785867237687 0.07099697885196375 0.069593147751606 0.08761329305135952
1 0.9443254817987152 0.16163141993957703 0.06423982869379015 0.1419939577039275
1 0.24411134903640258 0.36253776435045315 0.03854389721627409 0.1148036253776435
1 0.37259100642398285 0.39803625377643503 0.06209850107066381 0.12537764350453173
1 0.44967880085653106 0.2809667673716012 0.09207708779443255 0.18731117824773413
1 0.6359743040685225 0.3640483383685801 0.10706638115631692 0.14803625377643503
1 0.6638115631691649 0.41389728096676737 0.044967880085653104 0.07854984894259819
1 0.737152034261242 0.472809667673716 0.035331905781584586 0.09667673716012085
1 0.7692719486081371 0.49773413897280966 0.06531049250535331 0.17673716012084592
1 0.9057815845824411 0.5694864048338368 0.07494646680942184 0.2084592145015106
