0 0.37393162393162394 0.15916666666666668 0.03632478632478633 0.035
0 0.4391025641025641 0.16083333333333333 0.04487179487179487 0.03
0 0.28365384615384615 0.2504166666666667 0.028846153846153848 0.024166666666666666
0 0.3344017094017094 0.24708333333333332 0.042735042735042736 0.0225
0 0.6132478632478633 0.18083333333333335 0.03632478632478633 0.035
0 0.7035256410256411 0.18041666666666667 0.05448717948717949 0.0375
0 0.32051282051282054 0.45916666666666667 0.03632478632478633 0.023333333333333334
0 0.3798076923076923 0.44875 0.028846153846153848 0.024166666666666666
0 0.1517094017094017 0.7629166666666667 0.0405982905982906 0.019166666666666665
0 0.23504273504273504 0.7516666666666667 0.049145299145299144 0.02666666666666667
2 0.38621794871794873 0.19541666666666666 0.05448717948717949 0.034166666666666665
2 0.7932692307692307 0.175 0.03739316239316239 0.045
2 0.5229700854700855 0.47041666666666665 0.03311965811965812 0.0275
2 0.17467948717948717 0.8025 0.056623931623931624 0.03833333333333333
2 0.4658119658119658 0.6066666666666667 0.03632478632478633 0.016666666666666666
2 0.6778846153846154 0.6891666666666667 0.024572649572649572 0.015
2 0.38621794871794873 0.19541666666666666 0.05448717948717949 0.034166666666666665
2 0.7932692307692307 0.175 0.03739316239316239 0.045
2 0.5229700854700855 0.47041666666666665 0.03311965811965812 0.0275
2 0.17467948717948717 0.8025 0.056623931623931624 0.03833333333333333
2 0.4658119658119658 0.6066666666666667 0.03632478632478633 0.016666666666666666
2 0.6778846153846154 0.6891666666666667 0.024572649572649572 0.015
1 0.36538461538461536 0.10166666666666667 0.06837606837606838 0.07
1 0.46260683760683763 0.10916666666666666 0.07051282051282051 0.065
1 0.11431623931623931 0.7 0.08333333333333333 0.07333333333333333
1 0.25213675213675213 0.6758333333333333 0.10683760683760683 0.075
1 0.6495726495726496 0.6375 0.03418803418803419 0.041666666666666664
1 0.7115384615384616 0.6308333333333334 0.042735042735042736 0.045
