2 0.325 0.2599099099099099 0.024 0.03153153153153153
2 0.721 0.21351351351351353 0.048 0.032432432432432434
2 0.228 0.7193693693693693 0.044 0.03873873873873874
2 0.5715 0.7828828828828829 0.031 0.02882882882882883
2 0.325 0.2599099099099099 0.024 0.03153153153153153
2 0.721 0.21351351351351353 0.048 0.032432432432432434
2 0.228 0.7193693693693693 0.044 0.03873873873873874
2 0.5715 0.7828828828828829 0.031 0.02882882882882883
1 0.391 0.14414414414414414 0.062 0.08648648648648649
1 0.446 0.14144144144144144 0.048 0.07027027027027027
1 0.705 0.12072072072072072 0.09 0.04684684684684685
1 0.871 0.11441441441441441 0.126 0.06306306306306306
1 0.231 0.5783783783783784 0.086 0.11171171171171171
1 0.358 0.5675675675675675 0.084 0.12612612612612611
1 0.585 0.6945945945945946 0.046 0.06306306306306306
1 0.673 0.7054054054054054 0.05 0.08468468468468468
