0 0.3922749822820695 0.14225 0.031892274982282066 0.0195
0 0.42274982282069457 0.145 0.024805102763997167 0.019
0 0.5262225372076541 0.1365 0.029057406094968107 0.019
0 0.5605953224663359 0.1355 0.024096385542168676 0.019
0 0.8090007087172219 0.41175 0.06165839829907867 0.0295
0 0.8703047484053863 0.4055 0.042523033309709427 0.022
0 0.4358610914245216 0.588 0.042523033309709427 0.034
0 0.37349397590361444 0.8455 0.0368532955350815 0.035
0 0.6750531537916371 0.871 0.04323175053153792 0.024
2 0.8688873139617292 0.42 0.0368532955350815 0.014
2 0.46279234585400425 0.6205 0.026931254429482635 0.019
2 0.39900779588944013 0.8715 0.01559177888022679 0.019
2 0.6265060240963856 0.8955 0.03401842664776754 0.019
2 0.8688873139617292 0.42 0.0368532955350815 0.014
2 0.46279234585400425 0.6205 0.026931254429482635 0.019
2 0.39900779588944013 0.8715 0.01559177888022679 0.019
2 0.6265060240963856 0.8955 0.03401842664776754 0.019
1 0.38128986534372783 0.109 0.039688164422395464 0.04
1 0.4344436569808646 0.111 0.03543586109142452 0.04
1 0.518781006378455 0.1065 0.039688164422395464 0.037
1 0.5705173635719348 0.1085 0.03543586109142452 0.035
1 0.7505315379163714 0.3455 0.08079376328844791 0.103
1 0.8681785967399008 0.332 0.05527994330262225 0.062
1 0.3408929836995039 0.5185 0.13182140326009922 0.107
1 0.4379872430900071 0.5195 0.13890857547838412 0.097
1 0.371367824238129 0.7965 0.1105598866052445 0.051
1 0.7158043940467753 0.8075 0.0963855421686747 0.097
