0 0.4301913536498937 0.43375 0.05244507441530829 0.0425
0 0.5003543586109143 0.426 0.05386250885896527 0.047
0 0.26683203401842664 0.84775 0.021970233876683204 0.0145
0 0.2937632884479093 0.84275 0.020552799433026223 0.0135
0 0.5177179305457122 0.86375 0.024805102763997167 0.0165
2 0.4670446491849752 0.4565 0.03543586109142452 0.017
2 0.4670446491849752 0.4565 0.03543586109142452 0.017
1 0.3330970942593905 0.1415 0.03118355776045358 0.031
1 0.39617292700212614 0.147 0.026931254429482635 0.028
1 0.40184266477675407 0.387 0.06378454996456413 0.056
1 0.7618710134656272 0.629 0.11764705882352941 0.124
1 0.9532246633593197 0.629 0.08362863217576187 0.128
1 0.5386250885896527 0.855 0.03401842664776754 0.036
1 0.5152374202693125 0.8335 0.021261516654854713 0.021
1 0.24875974486180014 0.8245 0.024096385542168676 0.025
