0 0.4797008547008547 0.17375 0.04487179487179487 0.0325
0 0.5395299145299145 0.18 0.04700854700854701 0.02666666666666667
0 0.7168803418803419 0.19958333333333333 0.03632478632478633 0.0275
0 0.780448717948718 0.20625 0.05235042735042735 0.0225
0 0.23130341880341881 0.44958333333333333 0.04807692307692308 0.020833333333333332
0 0.3194444444444444 0.4320833333333333 0.06837606837606838 0.029166666666666667
0 0.3872863247863248 0.6083333333333333 0.07371794871794872 0.035
0 0.5587606837606838 0.58625 0.09188034188034189 0.04583333333333333
0 0.48824786324786323 0.7370833333333333 0.0405982905982906 0.0325
0 0.5395299145299145 0.7408333333333333 0.0405982905982906 0.028333333333333332
0 0.8173076923076923 0.7420833333333333 0.03205128205128205 0.025833333333333333
0 0.8595085470085471 0.7333333333333333 0.026709401709401708 0.025
2 0.4823717948717949 0.20583333333333334 0.05448717948717949 0.035
2 0.719017094017094 0.23625 0.05555555555555555 0.04083333333333333
2 0.4962606837606838 0.7566666666666667 0.03311965811965812 0.025
2 0.8616452991452992 0.7633333333333333 0.03311965811965812 0.025
2 0.4823717948717949 0.20583333333333334 0.05448717948717949 0.035
2 0.719017094017094 0.23625 0.05555555555555555 0.04083333333333333
2 0.4962606837606838 0.7566666666666667 0.03311965811965812 0.025
2 0.8616452991452992 0.7633333333333333 0.03311965811965812 0.025
1 0.4583333333333333 0.115 0.07051282051282051 0.07666666666666666
1 0.5769230769230769 0.125 0.09401709401709402 0.09
1 0.8376068376068376 0.1575 0.09829059829059829 0.07166666666666667
1 0.48504273504273504 0.7008333333333333 0.05128205128205128 0.045
1 0.5651709401709402 0.7066666666666667 0.06196581196581197 0.06666666666666667
1 0.7884615384615384 0.7033333333333334 0.05982905982905983 0.06
1 0.8579059829059829 0.6916666666666667 0.04487179487179487 0.04
