0 0.3225458468176915 0.5345833333333333 0.06040992448759439 0.035833333333333335
0 0.825782092772384 0.48083333333333333 0.037756202804746494 0.03166666666666667
2 0.6024811218985976 0.11333333333333333 0.037756202804746494 0.02666666666666667
2 0.2319309600862999 0.5566666666666666 0.038834951456310676 0.03
2 0.21952535059331177 0.6029166666666667 0.04422869471413161 0.03916666666666667
2 0.7599784250269687 0.49583333333333335 0.03128371089536138 0.03
2 0.0889967637540453 0.8454166666666667 0.039913700107874865 0.024166666666666666
2 0.2842502696871629 0.8079166666666666 0.02696871628910464 0.0225
2 0.6024811218985976 0.11333333333333333 0.037756202804746494 0.02666666666666667
2 0.2319309600862999 0.5566666666666666 0.038834951456310676 0.03
2 0.21952535059331177 0.6029166666666667 0.04422869471413161 0.03916666666666667
2 0.7599784250269687 0.49583333333333335 0.03128371089536138 0.03
2 0.0889967637540453 0.8454166666666667 0.039913700107874865 0.024166666666666666
2 0.2842502696871629 0.8079166666666666 0.02696871628910464 0.0225
1 0.4401294498381877 0.059166666666666666 0.09492988133764833 0.06166666666666667
1 0.7119741100323624 0.085 0.10787486515641856 0.11666666666666667
1 0.7918015102481122 0.09416666666666666 0.08629989212513485 0.10166666666666667
1 0.07119741100323625 0.4575 0.06472491909385113 0.08166666666666667
1 0.4153182308522114 0.5408333333333334 0.09277238403451996 0.10833333333333334
1 0.6731391585760518 0.4725 0.05177993527508091 0.04833333333333333
1 0.9137001078748651 0.4741666666666667 0.07119741100323625 0.09833333333333333
1 0.07551240560949299 0.7625 0.05177993527508091 0.035
1 0.1499460625674218 0.77 0.040992448759439054 0.043333333333333335
1 0.3818770226537217 0.7858333333333334 0.04746494066882417 0.06166666666666667
1 0.6774541531823085 0.7266666666666667 0.05177993527508091 0.04666666666666667
1 0.7475728155339806 0.7333333333333333 0.05825242718446602 0.02666666666666667
