0 0.1612 0.30348004094165815 0.0872 0.0931422722620266
0 0.404 0.2901740020470829 0.072 0.08904810644831115
0 0.5416 0.3101330603889457 0.0848 0.09211873080859775
0 0.7844 0.4053224155578301 0.0888 0.09007164790174002
0 0.9092 0.39201637666325484 0.0584 0.07778915046059365
2 0.2928 0.33725690890481064 0.064 0.06038894575230297
2 0.4396 0.41299897645854655 0.0888 0.08290685772773797
2 0.8984 0.5179119754350051 0.0432 0.04094165813715456
2 0.2928 0.33725690890481064 0.064 0.06038894575230297
2 0.4396 0.41299897645854655 0.0888 0.08290685772773797
2 0.8984 0.5179119754350051 0.0432 0.04094165813715456
1 0.0552 0.2016376663254862 0.1104 0.23541453428863868
1 0.6416 0.18219037871033777 0.1312 0.36438075742067555
1 0.8696 0.14022517911975435 0.1552 0.23132036847492324
