0 0.34134615384615385 0.23083333333333333 0.035256410256410256 0.02666666666666667
0 0.39636752136752135 0.21958333333333332 0.029914529914529916 0.030833333333333334
0 0.5689102564102564 0.23958333333333334 0.026709401709401708 0.0175
0 0.6148504273504274 0.23541666666666666 0.024572649572649572 0.015833333333333335
0 0.593482905982906 0.49041666666666667 0.030982905982905984 0.030833333333333334
0 0.6495726495726496 0.48875 0.03205128205128205 0.0325
0 0.14262820512820512 0.7570833333333333 0.026709401709401708 0.019166666666666665
0 0.19230769230769232 0.7558333333333334 0.027777777777777776 0.015
0 0.6410256410256411 0.7383333333333333 0.029914529914529916 0.023333333333333334
0 0.6901709401709402 0.7429166666666667 0.027777777777777776 0.0325
2 0.3969017094017094 0.26 0.045940170940170943 0.02666666666666667
2 0.7585470085470085 0.085 0.04487179487179487 0.055
2 0.6025641025641025 0.5183333333333333 0.0405982905982906 0.02
2 0.6495726495726496 0.7554166666666666 0.038461538461538464 0.025833333333333333
2 0.3969017094017094 0.26 0.045940170940170943 0.02666666666666667
2 0.7585470085470085 0.085 0.04487179487179487 0.055
2 0.6025641025641025 0.5183333333333333 0.0405982905982906 0.02
2 0.6495726495726496 0.7554166666666666 0.038461538461538464 0.025833333333333333
1 0.5833333333333334 0.44583333333333336 0.042735042735042736 0.04833333333333333
1 0.6784188034188035 0.43333333333333335 0.053418803418803416 0.04
1 0.6121794871794872 0.7266666666666667 0.03632478632478633 0.03
1 0.7286324786324786 0.7183333333333334 0.05128205128205128 0.04
