0 0.39692307692307693 0.22646103896103897 0.04717948717948718 0.040584415584415584
0 0.4441025641025641 0.2252435064935065 0.024615384615384615 0.030032467532467532
0 0.6112820512820513 0.13352272727272727 0.041025641025641026 0.03814935064935065
0 0.4948717948717949 0.6578733766233766 0.06256410256410257 0.0689935064935065
0 0.5969230769230769 0.6594967532467533 0.0758974358974359 0.0689935064935065
2 0.4461538461538462 0.2520292207792208 0.03487179487179487 0.026785714285714284
2 0.5482051282051282 0.15949675324675325 0.027692307692307693 0.03165584415584415
2 0.5123076923076924 0.7045454545454546 0.06666666666666667 0.040584415584415584
2 0.4461538461538462 0.2520292207792208 0.03487179487179487 0.026785714285714284
2 0.5482051282051282 0.15949675324675325 0.027692307692307693 0.03165584415584415
2 0.5123076923076924 0.7045454545454546 0.06666666666666667 0.040584415584415584
1 0.6666666666666666 0.08522727272727272 0.07794871794871795 0.10876623376623376
1 0.7292307692307692 0.08603896103896104 0.059487179487179485 0.09415584415584416
1 0.4882051282051282 0.586038961038961 0.09846153846153846 0.15584415584415584
1 0.6635897435897435 0.5909090909090909 0.14564102564102563 0.18181818181818182
