0 0.7784530386740331 0.15791666666666668 0.056353591160221 0.0275
0 0.8408839779005525 0.14541666666666667 0.03756906077348066 0.025833333333333333
0 0.20939226519337018 0.7929166666666667 0.03867403314917127 0.024166666666666666
0 0.4093922651933702 0.7579166666666667 0.036464088397790057 0.024166666666666666
0 0.830939226519337 0.7775 0.05303867403314917 0.035
2 0.2823204419889503 0.22458333333333333 0.014364640883977901 0.010833333333333334
2 0.38453038674033146 0.12083333333333333 0.026519337016574586 0.018333333333333333
2 0.838121546961326 0.17375 0.0430939226519337 0.030833333333333334
2 0.14585635359116023 0.8245833333333333 0.04419889502762431 0.0325
2 0.45027624309392267 0.7625 0.014364640883977901 0.015
2 0.4988950276243094 0.7241666666666666 0.02541436464088398 0.013333333333333334
2 0.7248618784530386 0.8345833333333333 0.057458563535911604 0.0475
2 0.2823204419889503 0.22458333333333333 0.014364640883977901 0.010833333333333334
2 0.38453038674033146 0.12083333333333333 0.026519337016574586 0.018333333333333333
2 0.838121546961326 0.17375 0.0430939226519337 0.030833333333333334
2 0.14585635359116023 0.8245833333333333 0.04419889502762431 0.0325
2 0.45027624309392267 0.7625 0.014364640883977901 0.015
2 0.4988950276243094 0.7241666666666666 0.02541436464088398 0.013333333333333334
2 0.7248618784530386 0.8345833333333333 0.057458563535911604 0.0475
1 0.3104972375690608 0.19833333333333333 0.019889502762430938 0.013333333333333334
1 0.3270718232044199 0.20916666666666667 0.022099447513812154 0.03166666666666667
1 0.4552486187845304 0.0825 0.04861878453038674 0.045
1 0.7116022099447514 0.09583333333333334 0.04861878453038674 0.04833333333333333
1 0.8453038674033149 0.09 0.04640883977900553 0.07666666666666666
1 0.2883977900552486 0.4775 0.03314917127071823 0.035
1 0.3259668508287293 0.4741666666666667 0.02430939226519337 0.03166666666666667
1 0.13701657458563535 0.7825 0.04861878453038674 0.065
1 0.24640883977900552 0.7558333333333334 0.07292817679558011 0.06833333333333333
1 0.4950276243093923 0.6941666666666667 0.026519337016574586 0.028333333333333332
1 0.549171270718232 0.6858333333333333 0.041988950276243095 0.035
1 0.3558011049723757 0.7475 0.039779005524861875 0.058333333333333334
1 0.7922651933701658 0.7025 0.055248618784530384 0.058333333333333334
1 0.9027624309392265 0.7016666666666667 0.08176795580110498 0.09
