0 0.16987179487179488 0.0975 0.05982905982905983 0.03333333333333333
0 0.0860042735042735 0.11916666666666667 0.041666666666666664 0.025
0 0.8579059829059829 0.1325 0.05555555555555555 0.043333333333333335
0 0.1778846153846154 0.7745833333333333 0.05235042735042735 0.025833333333333333
0 0.24252136752136752 0.7616666666666667 0.027777777777777776 0.025
0 0.5032051282051282 0.72375 0.03205128205128205 0.03916666666666667
0 0.5673076923076923 0.7325 0.038461538461538464 0.03333333333333333
0 0.8050213675213675 0.7225 0.03739316239316239 0.03333333333333333
0 0.8696581196581197 0.71375 0.038461538461538464 0.0325
2 0.7152777777777778 0.16291666666666665 0.04807692307692308 0.05416666666666667
2 0.5165598290598291 0.75 0.03952991452991453 0.03
2 0.8295940170940171 0.7441666666666666 0.03739316239316239 0.028333333333333332
2 0.7152777777777778 0.16291666666666665 0.04807692307692308 0.05416666666666667
2 0.5165598290598291 0.75 0.03952991452991453 0.03
2 0.8295940170940171 0.7441666666666666 0.03739316239316239 0.028333333333333332
1 0.9412393162393162 0.0725 0.08333333333333333 0.10833333333333334
1 0.5064102564102564 0.6766666666666666 0.0641025641025641 0.06333333333333334
1 0.5961538461538461 0.6891666666666667 0.05982905982905983 0.075
1 0.7649572649572649 0.6866666666666666 0.07264957264957266 0.07666666666666666
1 0.8910256410256411 0.6625 0.0811965811965812 0.08833333333333333
