2 0.4674145299145299 0.25875 0.018162393162393164 0.0125
2 0.4150641025641026 0.2920833333333333 0.022435897435897436 0.009166666666666667
2 0.7270299145299145 0.30625 0.022435897435897436 0.015833333333333335
2 0.9081196581196581 0.30125 0.019230769230769232 0.0125
2 0.4230769230769231 0.545 0.021367521367521368 0.018333333333333333
2 0.6623931623931624 0.5341666666666667 0.027777777777777776 0.023333333333333334
2 0.719017094017094 0.7770833333333333 0.021367521367521368 0.014166666666666666
2 0.4674145299145299 0.25875 0.018162393162393164 0.0125
2 0.4150641025641026 0.2920833333333333 0.022435897435897436 0.009166666666666667
2 0.7270299145299145 0.30625 0.022435897435897436 0.015833333333333335
2 0.9081196581196581 0.30125 0.019230769230769232 0.0125
2 0.4230769230769231 0.545 0.021367521367521368 0.018333333333333333
2 0.6623931623931624 0.5341666666666667 0.027777777777777776 0.023333333333333334
2 0.719017094017094 0.7770833333333333 0.021367521367521368 0.014166666666666666
1 0.1420940170940171 0.25416666666666665 0.0405982905982906 0.018333333333333333
1 0.5 0.22833333333333333 0.029914529914529916 0.023333333333333334
1 0.6997863247863247 0.27166666666666667 0.03632478632478633 0.03
1 0.7393162393162394 0.2733333333333333 0.02564102564102564 0.03333333333333333
1 0.8824786324786325 0.27 0.02564102564102564 0.03333333333333333
1 0.9209401709401709 0.2708333333333333 0.029914529914529916 0.03166666666666667
1 0.37927350427350426 0.49666666666666665 0.019230769230769232 0.03333333333333333
1 0.4188034188034188 0.4975 0.029914529914529916 0.03166666666666667
1 0.6282051282051282 0.4725 0.04700854700854701 0.03833333333333333
1 0.6837606837606838 0.48833333333333334 0.03418803418803419 0.04666666666666667
1 0.5074786324786325 0.43166666666666664 0.023504273504273504 0.023333333333333334
1 0.5331196581196581 0.4275 0.019230769230769232 0.018333333333333333
1 0.9220085470085471 0.8291666666666667 0.04487179487179487 0.07166666666666667
