2 0.26055555555555554 0.7151490733279613 0.01888888888888889 0.020145044319097503
2 0.4272222222222222 0.628525382755842 0.03111111111111111 0.03384367445608381
2 0.47805555555555557 0.3726833199033038 0.028333333333333332 0.0427074939564867
2 0.26055555555555554 0.7151490733279613 0.01888888888888889 0.020145044319097503
2 0.4272222222222222 0.628525382755842 0.03111111111111111 0.03384367445608381
2 0.47805555555555557 0.3726833199033038 0.028333333333333332 0.0427074939564867
1 0.1988888888888889 0.6124093473005641 0.06444444444444444 0.12570507655116842
1 0.29444444444444445 0.59709911361805 0.04888888888888889 0.13376309427880742
1 0.4088888888888889 0.5060435132957293 0.042222222222222223 0.11925866236905722
1 0.5061111111111111 0.5205479452054794 0.06555555555555556 0.1579371474617244
1 0.5322222222222223 0.20709105560032232 0.035555555555555556 0.05640612409347301
1 0.5883333333333334 0.23448831587429492 0.07222222222222222 0.13376309427880742
