0 0.5592948717948718 0.865 0.05448717948717949 0.03333333333333333
0 0.6666666666666666 0.86125 0.0641025641025641 0.0325
0 0.625534188034188 0.6508333333333334 0.0438034188034188 0.041666666666666664
2 0.3541666666666667 0.21166666666666667 0.018162393162393164 0.01
2 0.7772435897435898 0.27416666666666667 0.03952991452991453 0.03
2 0.36538461538461536 0.43041666666666667 0.01282051282051282 0.014166666666666666
2 0.8830128205128205 0.42125 0.024572649572649572 0.015833333333333335
2 0.5053418803418803 0.59875 0.010683760683760684 0.010833333333333334
2 0.5961538461538461 0.7004166666666667 0.057692307692307696 0.0475
2 0.5170940170940171 0.8375 0.04700854700854701 0.05
2 0.3541666666666667 0.21166666666666667 0.018162393162393164 0.01
2 0.7772435897435898 0.27416666666666667 0.03952991452991453 0.03
2 0.36538461538461536 0.43041666666666667 0.01282051282051282 0.014166666666666666
2 0.8830128205128205 0.42125 0.024572649572649572 0.015833333333333335
2 0.5053418803418803 0.59875 0.010683760683760684 0.010833333333333334
2 0.5961538461538461 0.7004166666666667 0.057692307692307696 0.0475
2 0.5170940170940171 0.8375 0.04700854700854701 0.05
1 0.7222222222222222 0.22083333333333333 0.05555555555555555 0.04833333333333333
1 0.8600427350427351 0.38333333333333336 0.0405982905982906 0.03
1 0.907051282051282 0.3858333333333333 0.0405982905982906 0.035
1 0.4861111111111111 0.5758333333333333 0.019230769230769232 0.015
1 0.5202991452991453 0.5783333333333334 0.027777777777777776 0.016666666666666666
1 0.8183760683760684 0.595 0.03418803418803419 0.03
1 0.8461538461538461 0.585 0.038461538461538464 0.02666666666666667
