0 0.13700384122919335 0.21525 0.03329065300896287 0.0185
0 0.18053777208706787 0.2165 0.03585147247119078 0.017
0 0.614596670934699 0.30775 0.034571062740076826 0.0205
0 0.7125480153649167 0.40075 0.020486555697823303 0.0185
0 0.7327144686299616 0.429 0.01856594110115237 0.017
0 0.8511523687580026 0.42675 0.02112676056338028 0.0215
0 0.9062099871959027 0.42475 0.03393085787451985 0.0225
0 0.560179257362356 0.78475 0.020486555697823303 0.0155
2 0.7029449423815621 0.419 0.030729833546734954 0.022
2 0.1523687580025608 0.879 0.046094750320102434 0.038
2 0.7029449423815621 0.419 0.030729833546734954 0.022
2 0.1523687580025608 0.879 0.046094750320102434 0.038
1 0.7848911651728553 0.4275 0.03329065300896287 0.035
1 0.17733674775928296 0.576 0.02176696542893726 0.026
1 0.20742637644046094 0.574 0.023047375160051217 0.024
1 0.4058898847631242 0.56 0.02560819462227913 0.018
1 0.4295774647887324 0.56 0.024327784891165175 0.022
1 0.8834827144686299 0.6035 0.03585147247119078 0.029
1 0.2567221510883483 0.7665 0.04225352112676056 0.065
1 0.7925736235595391 0.7905 0.01792573623559539 0.025
