0 0.14160659114315138 0.408203125 0.02368692070030896 0.01640625
0 0.2826982492276004 0.365234375 0.029866117404737384 0.01953125
0 0.42687950566426364 0.39765625 0.044284243048403706 0.025
0 0.5561277033985582 0.36875 0.0411946446961895 0.028125
0 0.7713697219361483 0.90625 0.04325437693099897 0.021875
0 0.8820803295571575 0.866015625 0.03810504634397528 0.01953125
2 0.568486096807415 0.113671875 0.02059732234809475 0.01484375
2 0.203913491246138 0.396875 0.02059732234809475 0.0203125
2 0.23120494335736355 0.40078125 0.02368692070030896 0.0203125
2 0.47785787847579814 0.405078125 0.02265705458290422 0.02265625
2 0.4984552008238929 0.395703125 0.026776519052523172 0.02265625
2 0.7312049433573635 0.39296875 0.012358393408856848 0.0109375
2 0.8063851699279093 0.396484375 0.024716786817713696 0.01171875
2 0.18640576725025745 0.587890625 0.024716786817713696 0.01328125
2 0.864572605561277 0.68671875 0.029866117404737384 0.0203125
2 0.1199794026776519 0.847265625 0.029866117404737384 0.01328125
2 0.4685890834191555 0.855859375 0.028836251287332648 0.01953125
2 0.5144181256436663 0.852734375 0.01956745623069001 0.01484375
2 0.8367662203913491 0.93125 0.029866117404737384 0.0234375
2 0.8274974253347065 0.8921875 0.03192584963954686 0.0203125
2 0.568486096807415 0.113671875 0.02059732234809475 0.01484375
2 0.203913491246138 0.396875 0.02059732234809475 0.0203125
2 0.23120494335736355 0.40078125 0.02368692070030896 0.0203125
2 0.47785787847579814 0.405078125 0.02265705458290422 0.02265625
2 0.4984552008238929 0.395703125 0.026776519052523172 0.02265625
2 0.7312049433573635 0.39296875 0.012358393408856848 0.0109375
2 0.8063851699279093 0.396484375 0.024716786817713696 0.01171875
2 0.18640576725025745 0.587890625 0.024716786817713696 0.01328125
2 0.864572605561277 0.68671875 0.029866117404737384 0.0203125
2 0.1199794026776519 0.847265625 0.029866117404737384 0.01328125
2 0.4685890834191555 0.855859375 0.028836251287332648 0.01953125
2 0.5144181256436663 0.852734375 0.01956745623069001 0.01484375
2 0.8367662203913491 0.93125 0.029866117404737384 0.0234375
2 0.8274974253347065 0.8921875 0.03192584963954686 0.0203125
1 0.4819773429454171 0.11640625 0.024716786817713696 0.0359375
1 0.5118434603501545 0.1078125 0.026776519052523172 0.040625
1 0.6282183316168898 0.09453125 0.032955715756951595 0.0484375
1 0.11534500514933059 0.3875 0.04943357363542739 0.075
1 0.3861997940267765 0.3703125 0.04325437693099897 0.078125
1 0.659114315139032 0.3953125 0.024716786817713696 0.04375
1 0.8362512873326468 0.39140625 0.032955715756951595 0.0453125
1 0.8990731204943357 0.375 0.030895983522142123 0.025
1 0.24922760041194644 0.603125 0.04531410916580844 0.025
1 0.33470648815653964 0.653125 0.035015447991761074 0.04375
1 0.28733264675592174 0.646875 0.03913491246138002 0.04375
1 0.7826982492276005 0.6203125 0.09062821833161688 0.0375
1 0.061791967044284246 0.8421875 0.07003089598352215 0.04375
1 0.17507723995880536 0.834375 0.0411946446961895 0.028125
1 0.2368692070030896 0.83984375 0.061791967044284246 0.0640625
1 0.388259526261586 0.86171875 0.08032955715756952 0.0421875
1 0.4881565396498455 0.809375 0.0411946446961895 0.053125
1 0.7425334706488157 0.85703125 0.06797116374871266 0.0828125
1 0.9207003089598352 0.81953125 0.053553038105046344 0.0609375
