0 0.3920940170940171 0.105 0.027777777777777776 0.016666666666666666
0 0.4166666666666667 0.10666666666666667 0.019230769230769232 0.016666666666666666
0 0.6992521367521367 0.08583333333333333 0.018162393162393164 0.015
0 0.7286324786324786 0.08541666666666667 0.02564102564102564 0.015833333333333335
0 0.13354700854700854 0.49125 0.03418803418803419 0.019166666666666665
0 0.1794871794871795 0.49125 0.02564102564102564 0.024166666666666666
0 0.1704059829059829 0.73625 0.03311965811965812 0.025833333333333333
0 0.22168803418803418 0.7416666666666667 0.030982905982905984 0.023333333333333334
0 0.5058760683760684 0.7191666666666666 0.03739316239316239 0.03833333333333333
0 0.5641025641025641 0.7241666666666666 0.027777777777777776 0.035
2 0.2676282051282051 0.12833333333333333 0.09081196581196581 0.06833333333333333
2 0.4011752136752137 0.11583333333333333 0.022435897435897436 0.011666666666666667
2 0.7136752136752137 0.09541666666666666 0.021367521367521368 0.014166666666666666
2 0.5363247863247863 0.43166666666666664 0.019230769230769232 0.013333333333333334
2 0.9236111111111112 0.45208333333333334 0.018162393162393164 0.0125
2 0.2676282051282051 0.12833333333333333 0.09081196581196581 0.06833333333333333
2 0.4011752136752137 0.11583333333333333 0.022435897435897436 0.011666666666666667
2 0.7136752136752137 0.09541666666666666 0.021367521367521368 0.014166666666666666
2 0.5363247863247863 0.43166666666666664 0.019230769230769232 0.013333333333333334
2 0.9236111111111112 0.45208333333333334 0.018162393162393164 0.0125
1 0.38247863247863245 0.08333333333333333 0.038461538461538464 0.03666666666666667
1 0.422008547008547 0.08583333333333333 0.03205128205128205 0.035
1 0.686965811965812 0.060833333333333336 0.03205128205128205 0.035
1 0.7361111111111112 0.0575 0.03205128205128205 0.03166666666666667
1 0.5149572649572649 0.4025 0.029914529914529916 0.028333333333333332
1 0.5662393162393162 0.4025 0.03418803418803419 0.025
1 0.9102564102564102 0.4116666666666667 0.0641025641025641 0.02666666666666667
