0 0.1870824053452116 0.184375 0.035634743875278395 0.0296875
0 0.25501113585746105 0.1796875 0.0400890868596882 0.025
2 0.22605790645879734 0.23515625 0.053452115812917596 0.0296875
2 0.5740534521158129 0.19296875 0.021158129175946547 0.009375
2 0.21937639198218262 0.4609375 0.026726057906458798 0.0140625
2 0.5573496659242761 0.601171875 0.030066815144766147 0.01640625
2 0.22605790645879734 0.23515625 0.053452115812917596 0.0296875
2 0.5740534521158129 0.19296875 0.021158129175946547 0.009375
2 0.21937639198218262 0.4609375 0.026726057906458798 0.0140625
2 0.5573496659242761 0.601171875 0.030066815144766147 0.01640625
1 0.15256124721603564 0.13359375 0.08240534521158129 0.0609375
1 0.267260579064588 0.1140625 0.066815144766147 0.06875
1 0.5924276169265034 0.13828125 0.062360801781737196 0.0453125
1 0.5590200445434298 0.56328125 0.044543429844097995 0.0296875
1 0.60913140311804 0.55078125 0.0556792873051225 0.0453125
