0 0.196 0.099 0.037333333333333336 0.034
0 0.248 0.104 0.04533333333333334 0.034
0 0.7393333333333333 0.102 0.044 0.03
0 0.7813333333333333 0.082 0.034666666666666665 0.032
0 0.08866666666666667 0.289 0.025333333333333333 0.02
0 0.12066666666666667 0.282 0.030666666666666665 0.018
0 0.8386666666666667 0.274 0.032 0.02
0 0.862 0.2695 0.017333333333333333 0.017
0 0.17733333333333334 0.84 0.04533333333333334 0.032
0 0.214 0.8235 0.030666666666666665 0.027
2 0.19466666666666665 0.14 0.029333333333333333 0.022
2 0.81 0.114 0.03333333333333333 0.024
2 0.10533333333333333 0.298 0.016 0.01
2 0.878 0.2835 0.02266666666666667 0.015
2 0.416 0.5455 0.018666666666666668 0.009
2 0.24266666666666667 0.851 0.037333333333333336 0.02
2 0.7926666666666666 0.8265 0.02266666666666667 0.027
2 0.19466666666666665 0.14 0.029333333333333333 0.022
2 0.81 0.114 0.03333333333333333 0.024
2 0.10533333333333333 0.298 0.016 0.01
2 0.878 0.2835 0.02266666666666667 0.015
2 0.416 0.5455 0.018666666666666668 0.009
2 0.24266666666666667 0.851 0.037333333333333336 0.02
2 0.7926666666666666 0.8265 0.02266666666666667 0.027
1 0.30533333333333335 0.094 0.06666666666666667 0.076
1 0.6746666666666666 0.102 0.08 0.072
1 0.06666666666666667 0.279 0.042666666666666665 0.034
1 0.13333333333333333 0.257 0.05333333333333334 0.038
1 0.352 0.289 0.06933333333333333 0.066
1 0.5026666666666667 0.278 0.10933333333333334 0.08
1 0.096 0.569 0.032 0.03
1 0.5986666666666667 0.549 0.029333333333333333 0.03
1 0.11866666666666667 0.848 0.056 0.064
1 0.5533333333333333 0.78 0.04 0.024
1 0.6026666666666667 0.795 0.021333333333333333 0.026
1 0.8733333333333333 0.781 0.08266666666666667 0.07
