0 0.5521186440677966 0.4586513994910941 0.048305084745762714 0.05216284987277354
0 0.5902542372881356 0.24936386768447838 0.036440677966101696 0.05089058524173028
0 0.6576271186440678 0.2506361323155216 0.04576271186440678 0.061068702290076333
2 0.5923728813559322 0.48282442748091603 0.030508474576271188 0.024173027989821884
2 0.5978813559322034 0.32951653944020354 0.04152542372881356 0.05343511450381679
2 0.5923728813559322 0.48282442748091603 0.030508474576271188 0.024173027989821884
2 0.5978813559322034 0.32951653944020354 0.04152542372881356 0.05343511450381679
1 0.75 0.1138676844783715 0.1 0.18702290076335878
1 0.6237288135593221 0.07633587786259542 0.08135593220338982 0.15012722646310434
1 0.4851694915254237 0.3517811704834606 0.09067796610169492 0.23536895674300254
1 0.6978813559322034 0.36450381679389315 0.14661016949152542 0.19720101781170485
