0 0.5949152542372881 0.24936386768447838 0.030508474576271188 0.04834605597964377
0 0.6567796610169492 0.24681933842239187 0.05423728813559322 0.05343511450381679
0 0.5614406779661016 0.4751908396946565 0.03983050847457627 0.04961832061068702
0 0.6190677966101695 0.47900763358778625 0.05 0.05979643765903308
2 0.5728813559322034 0.5120865139949109 0.0288135593220339 0.021628498727735368
2 0.5953389830508474 0.33396946564885494 0.03983050847457627 0.047073791348600506
2 0.5728813559322034 0.5120865139949109 0.0288135593220339 0.021628498727735368
2 0.5953389830508474 0.33396946564885494 0.03983050847457627 0.047073791348600506
1 0.7432203389830508 0.11195928753180662 0.1016949152542373 0.18829516539440203
1 0.6266949152542373 0.08078880407124682 0.07711864406779662 0.15648854961832062
