0 0.242973708068903 0.354296875 0.04895738893925657 0.03515625
0 0.37352674524025387 0.28125 0.043517679057116954 0.0296875
0 0.4492293744333635 0.26328125 0.0770625566636446 0.0375
2 0.17815049864007254 0.40546875 0.03535811423390753 0.028125
2 0.38168631006346326 0.32734375 0.0471441523118767 0.028125
2 0.17815049864007254 0.40546875 0.03535811423390753 0.028125
2 0.38168631006346326 0.32734375 0.0471441523118767 0.028125
1 0.3300090661831369 0.12421875 0.12692656391659113 0.1921875
1 0.49229374433363554 0.10078125 0.12511332728921123 0.1890625
1 0.24932003626473254 0.23984375 0.1359927470534905 0.1359375
1 0.1686310063463282 0.25390625 0.09066183136899365 0.0953125
