0 0.33416666666666667 0.6604166666666667 0.12833333333333333 0.08083333333333333
0 0.48625 0.59375 0.09083333333333334 0.07416666666666667
0 0.5416666666666666 0.43291666666666667 0.11166666666666666 0.11416666666666667
0 0.7220833333333333 0.43083333333333335 0.12583333333333332 0.095
2 0.49416666666666664 0.6483333333333333 0.07833333333333334 0.058333333333333334
2 0.6454166666666666 0.515 0.12916666666666668 0.07166666666666667
2 0.49416666666666664 0.6483333333333333 0.07833333333333334 0.058333333333333334
2 0.6454166666666666 0.515 0.12916666666666668 0.07166666666666667
1 0.13833333333333334 0.6575 0.19333333333333333 0.20166666666666666
1 0.3616666666666667 0.4741666666666667 0.13 0.095
1 0.53 0.17833333333333334 0.16 0.29333333333333333
1 0.7333333333333333 0.18666666666666668 0.17 0.30333333333333334
