0 0.44142857142857145 0.3017789072426938 0.04285714285714286 0.08767471410419314
0 0.48 0.25222363405336723 0.027142857142857142 0.07496823379923762
0 0.6042857142857143 0.23252858958068615 0.04428571428571428 0.07623888182973317
0 0.6435714285714286 0.2560355781448539 0.024285714285714285 0.06734434561626429
2 0.5085714285714286 0.30241423125794153 0.02857142857142857 0.05082592121982211
2 0.6478571428571429 0.29669631512071154 0.022857142857142857 0.029224904701397714
2 0.5085714285714286 0.30241423125794153 0.02857142857142857 0.05082592121982211
2 0.6478571428571429 0.29669631512071154 0.022857142857142857 0.029224904701397714
1 0.3807142857142857 0.25158831003811943 0.05857142857142857 0.17534942820838628
1 0.43142857142857144 0.13532401524777637 0.045714285714285714 0.09529860228716645
1 0.5853571428571429 0.13024142312579415 0.05928571428571429 0.13850063532401524
1 0.6571428571428571 0.19250317662007624 0.04285714285714286 0.1207115628970775
