0 0.2036775106082037 0.54525 0.04667609618104668 0.0375
0 0.25884016973125884 0.54475 0.04101838755304102 0.0355
0 0.5654172560113154 0.68925 0.060113154172560114 0.0555
0 0.6410891089108911 0.68725 0.05021216407355021 0.0485
2 0.23267326732673269 0.5605 0.026874115983026876 0.011
2 0.6074964639321075 0.7185 0.03253182461103253 0.013
2 0.7291371994342292 0.6485 0.03253182461103253 0.021
2 0.23267326732673269 0.5605 0.026874115983026876 0.011
2 0.6074964639321075 0.7185 0.03253182461103253 0.013
2 0.7291371994342292 0.6485 0.03253182461103253 0.021
1 0.1669024045261669 0.494 0.06506364922206506 0.06
1 0.285007072135785 0.5015 0.06082036775106082 0.063
1 0.5021216407355021 0.6205 0.0876944837340877 0.115
1 0.6633663366336634 0.6045 0.07072135785007072 0.107
1 0.8132956152758133 0.5545 0.09900990099009901 0.115
1 0.9045261669024045 0.545 0.07213578500707214 0.096
