0 0.3793840889649273 0.21125 0.06244653550042772 0.035
0 0.4268605645851155 0.2009375 0.03421727972626176 0.021875
0 0.5115483319076134 0.1875 0.041060735671514116 0.02125
0 0.0504704875962361 0.5365625 0.0872540633019675 0.048125
0 0.3220701454234388 0.5309375 0.08468776732249786 0.060625
0 0.7343883661248931 0.5659375 0.04020530367835757 0.021875
0 0.8562874251497006 0.5471875 0.032506415739948676 0.019375
0 0.6013686911890505 0.74875 0.03934987168520103 0.0425
0 0.6770744225834047 0.785 0.08297690333618478 0.05375
2 0.46107784431137727 0.2115625 0.02737382378100941 0.020625
2 0.806672369546621 0.566875 0.022241231822070145 0.0175
2 0.4940119760479042 0.78625 0.06757912745936698 0.04375
2 0.46107784431137727 0.2115625 0.02737382378100941 0.020625
2 0.806672369546621 0.566875 0.022241231822070145 0.0175
2 0.4940119760479042 0.78625 0.06757912745936698 0.04375
1 0.5979469632164243 0.135625 0.1146278870829769 0.09875
1 0.9358426005132592 0.5325 0.11291702309666382 0.0525
1 0.8990590248075278 0.76 0.1899059024807528 0.1575
