0 0.6714743589743589 0.125 0.03739316239316239 0.028333333333333332
0 0.7441239316239316 0.12208333333333334 0.03311965811965812 0.025833333333333333
0 0.6987179487179487 0.3075 0.0405982905982906 0.03
0 0.7756410256410257 0.3145833333333333 0.04700854700854701 0.029166666666666667
0 0.6372863247863247 0.5104166666666666 0.035256410256410256 0.029166666666666667
0 0.7168803418803419 0.50875 0.04700854700854701 0.029166666666666667
0 0.6875 0.675 0.041666666666666664 0.03166666666666667
0 0.7617521367521367 0.6854166666666667 0.03632478632478633 0.0275
0 0.6517094017094017 0.8383333333333334 0.06623931623931624 0.04833333333333333
2 0.7077991452991453 0.14666666666666667 0.050213675213675216 0.03166666666666667
2 0.7425213675213675 0.33208333333333334 0.05128205128205128 0.034166666666666665
2 0.6645299145299145 0.53875 0.05555555555555555 0.035833333333333335
2 0.7227564102564102 0.6945833333333333 0.05235042735042735 0.0325
2 0.7077991452991453 0.14666666666666667 0.050213675213675216 0.03166666666666667
2 0.7425213675213675 0.33208333333333334 0.05128205128205128 0.034166666666666665
2 0.6645299145299145 0.53875 0.05555555555555555 0.035833333333333335
2 0.7227564102564102 0.6945833333333333 0.05235042735042735 0.0325
1 0.6420940170940171 0.08833333333333333 0.07051282051282051 0.06666666666666667
1 0.7767094017094017 0.085 0.08333333333333333 0.056666666666666664
1 0.6698717948717948 0.27 0.08333333333333333 0.05333333333333334
1 0.7927350427350427 0.2783333333333333 0.07264957264957266 0.07
1 0.6239316239316239 0.46416666666666667 0.0811965811965812 0.065
1 0.7467948717948718 0.4608333333333333 0.0876068376068376 0.065
1 0.6538461538461539 0.6433333333333333 0.08974358974358974 0.05333333333333334
1 0.7959401709401709 0.6541666666666667 0.07478632478632478 0.06833333333333333
1 0.5608974358974359 0.8525 0.09188034188034189 0.125
