0 0.44782608695652176 0.19321148825065274 0.034782608695652174 0.09138381201044386
0 0.5417391304347826 0.2584856396866841 0.07652173913043478 0.10182767624020887
2 0.2756521739130435 0.6892950391644909 0.02782608695652174 0.0391644908616188
2 0.4534782608695652 0.2754569190600522 0.04782608695652174 0.06005221932114883
2 0.2756521739130435 0.6892950391644909 0.02782608695652174 0.0391644908616188
2 0.4534782608695652 0.2754569190600522 0.04782608695652174 0.06005221932114883
1 0.6747826086956522 0.20365535248041775 0.10782608695652174 0.206266318537859
1 0.3208695652173913 0.45887728459530025 0.10260869565217391 0.15013054830287206
1 0.48043478260869565 0.6455613577023499 0.08434782608695653 0.15274151436031333
1 0.8156521739130435 0.3322454308093995 0.05217391304347826 0.1475195822454308
1 0.9034782608695652 0.3426892950391645 0.05391304347826087 0.1370757180156658
