0 0.2845303867403315 0.3695833333333333 0.036464088397790057 0.0225
0 0.32265193370165746 0.36583333333333334 0.026519337016574586 0.02666666666666667
0 0.7143646408839779 0.55375 0.051933701657458566 0.0375
0 0.7646408839779005 0.5504166666666667 0.026519337016574586 0.0275
0 0.7950276243093922 0.7245833333333334 0.036464088397790057 0.030833333333333334
0 0.8491712707182321 0.7245833333333334 0.03867403314917127 0.034166666666666665
2 0.8143646408839779 0.12875 0.039779005524861875 0.019166666666666665
2 0.2994475138121547 0.38 0.02430939226519337 0.013333333333333334
2 0.7939226519337017 0.37375 0.049723756906077346 0.0225
2 0.7828729281767955 0.57125 0.045303867403314914 0.0275
2 0.13646408839779006 0.73 0.02541436464088398 0.018333333333333333
2 0.5116022099447514 0.7004166666666667 0.03535911602209945 0.0225
2 0.8165745856353591 0.74125 0.041988950276243095 0.019166666666666665
2 0.8143646408839779 0.12875 0.039779005524861875 0.019166666666666665
2 0.2994475138121547 0.38 0.02430939226519337 0.013333333333333334
2 0.7939226519337017 0.37375 0.049723756906077346 0.0225
2 0.7828729281767955 0.57125 0.045303867403314914 0.0275
2 0.13646408839779006 0.73 0.02541436464088398 0.018333333333333333
2 0.5116022099447514 0.7004166666666667 0.03535911602209945 0.0225
2 0.8165745856353591 0.74125 0.041988950276243095 0.019166666666666665
1 0.26298342541436465 0.3725 0.026519337016574586 0.041666666666666664
1 0.343646408839779 0.37 0.03314917127071823 0.04
1 0.6386740331491713 0.5691666666666667 0.061878453038674036 0.055
