0 0.336875 0.14791666666666667 0.06125 0.0325
0 0.41125 0.15916666666666668 0.0575 0.03
0 0.55625 0.13208333333333333 0.0475 0.025833333333333333
0 0.63625 0.14125 0.0625 0.0325
2 0.391875 0.1775 0.04375 0.021666666666666667
2 0.575625 0.15416666666666667 0.04375 0.021666666666666667
2 0.391875 0.1775 0.04375 0.021666666666666667
2 0.575625 0.15416666666666667 0.04375 0.021666666666666667
1 0.325 0.07583333333333334 0.085 0.06833333333333333
1 0.465 0.095 0.05 0.043333333333333335
1 0.5275 0.075 0.065 0.056666666666666664
1 0.68625 0.09 0.0675 0.05333333333333334
