0 0.24569240587109126 0.1324181626187962 0.025101042331418848 0.013093980992608237
0 0.2788768347160179 0.1313621964097149 0.027653690704105508 0.01351636747624076
2 0.2650499893639651 0.13896515311510033 0.023824718145075516 0.012671594508975714
2 0.778557753669432 0.28954593453009503 0.06892150606253988 0.02914466737064414
2 0.26419910657306955 0.8033790918690602 0.062965326526271 0.03125659978880676
2 0.2650499893639651 0.13896515311510033 0.023824718145075516 0.012671594508975714
2 0.778557753669432 0.28954593453009503 0.06892150606253988 0.02914466737064414
2 0.26419910657306955 0.8033790918690602 0.062965326526271 0.03125659978880676
1 0.22016592214422465 0.14128827877507918 0.031057221867687727 0.028299894403379093
1 0.3135503084450117 0.1406546990496304 0.042544139544777704 0.03463569165786695
1 0.1595405232929164 0.337909186906019 0.023824718145075516 0.026187961985216474
1 0.18293980004254415 0.33389651531151004 0.019570304190597746 0.028299894403379093
1 0.9195915762603701 0.28827877507919747 0.10508402467560093 0.12967265047518478
1 0.6836843224845778 0.1816261879619852 0.06807062327164433 0.15881731784582892
1 0.1674111891087003 0.7600844772967265 0.07445224420336098 0.0604012671594509
1 0.44288449266113594 0.7860612460401267 0.09359710699851095 0.09376979936642027
1 0.593490746649649 0.7098204857444562 0.1301850670070198 0.13558606124604014
1 0.7430333971495426 0.7398099260823654 0.10933843863007871 0.11953537486800422
