0 0.37642857142857145 0.09259259259259259 0.09571428571428571 0.0682261208576998
0 0.4542857142857143 0.07309941520467836 0.06857142857142857 0.0682261208576998
0 0.5921428571428572 0.4293372319688109 0.06714285714285714 0.03996101364522417
0 0.68 0.4064327485380117 0.11428571428571428 0.04093567251461988
0 0.4035714285714286 0.8162768031189084 0.09571428571428571 0.049707602339181284
0 0.49857142857142855 0.8036062378167641 0.08857142857142856 0.04775828460038986
2 0.4614285714285714 0.10916179337231968 0.03142857142857143 0.025341130604288498
2 0.5564285714285714 0.48050682261208577 0.07571428571428572 0.037037037037037035
2 0.4614285714285714 0.10916179337231968 0.03142857142857143 0.025341130604288498
2 0.5564285714285714 0.48050682261208577 0.07571428571428572 0.037037037037037035
1 0.26285714285714284 0.05263157894736842 0.12571428571428572 0.10526315789473684
1 0.5785714285714286 0.3557504873294347 0.10571428571428572 0.07992202729044834
1 0.7142857142857143 0.35477582846003897 0.12571428571428572 0.07017543859649122
1 0.28285714285714286 0.8021442495126706 0.13714285714285715 0.0682261208576998
1 0.5685714285714286 0.7729044834307992 0.13714285714285715 0.06042884990253411
