0 0.22846153846153847 0.3704918032786885 0.10923076923076923 0.08306010928961749
0 0.34615384615384615 0.33825136612021856 0.12307692307692308 0.08415300546448087
0 0.6438461538461538 0.1377049180327869 0.07230769230769231 0.07431693989071038
0 0.7907692307692308 0.12896174863387977 0.08923076923076922 0.07868852459016394
0 0.7715384615384615 0.6573770491803279 0.15846153846153846 0.053551912568306013
0 0.17846153846153845 0.7683060109289618 0.19384615384615383 0.08306010928961749
0 0.38153846153846155 0.7120218579234973 0.2 0.08633879781420765
0 0.5761538461538461 0.6557377049180327 0.08153846153846153 0.03934426229508197
2 0.3423076923076923 0.3825136612021858 0.038461538461538464 0.034972677595628415
2 0.62 0.2174863387978142 0.11384615384615385 0.05245901639344262
2 0.573076923076923 0.692896174863388 0.14615384615384616 0.07868852459016394
2 0.3423076923076923 0.3825136612021858 0.038461538461538464 0.034972677595628415
2 0.62 0.2174863387978142 0.11384615384615385 0.05245901639344262
2 0.573076923076923 0.692896174863388 0.14615384615384616 0.07868852459016394
1 0.08923076923076922 0.37923497267759565 0.15384615384615385 0.10710382513661203
1 0.32461538461538464 0.2568306010928962 0.15692307692307692 0.1377049180327869
1 0.6307692307692307 0.06120218579234973 0.17846153846153845 0.11366120218579236
1 0.8507692307692307 0.04371584699453552 0.15692307692307692 0.07431693989071038
1 0.1123076923076923 0.6633879781420765 0.18153846153846154 0.22076502732240438
1 0.44461538461538463 0.6218579234972678 0.16307692307692306 0.12459016393442623
1 0.7 0.5792349726775956 0.18769230769230769 0.05683060109289618
1 0.9353846153846154 0.6546448087431694 0.12307692307692308 0.10273224043715846
