0 0.234 0.2813333333333333 0.052 0.07466666666666667
0 0.2836 0.23533333333333334 0.0344 0.07066666666666667
0 0.6684 0.20933333333333334 0.0344 0.064
0 0.7384 0.18133333333333335 0.0448 0.07733333333333334
2 0.2844 0.31666666666666665 0.0392 0.052
2 0.686 0.25 0.0408 0.05466666666666667
2 0.2844 0.31666666666666665 0.0392 0.052
2 0.686 0.25 0.0408 0.05466666666666667
1 0.1816 0.23733333333333334 0.056 0.12266666666666666
1 0.2716 0.112 0.0504 0.13333333333333333
1 0.6364 0.04 0.0616 0.07733333333333334
1 0.7368 0.035333333333333335 0.0544 0.068
