0 0.3501082251082251 0.5053981106612686 0.044372294372294376 0.07692307692307693
0 0.4074675324675325 0.35290148448043185 0.03354978354978355 0.07422402159244265
2 0.4161255411255411 0.5492577597840755 0.050865800865800864 0.059379217273954114
2 0.40313852813852813 0.6578947368421053 0.03787878787878788 0.0553306342780027
2 0.4161255411255411 0.5492577597840755 0.050865800865800864 0.059379217273954114
2 0.40313852813852813 0.6578947368421053 0.03787878787878788 0.0553306342780027
1 0.2840909090909091 0.30364372469635625 0.11363636363636363 0.18353576248313092
1 0.12608225108225107 0.5404858299595142 0.1461038961038961 0.11201079622132254
1 0.3170995670995671 0.20850202429149797 0.07575757575757576 0.0796221322537112
1 0.3555194805194805 0.14439946018893388 0.10714285714285714 0.09986504723346828
