0 0.2791666666666667 0.22707659115426107 0.056666666666666664 0.061488673139158574
0 0.34458333333333335 0.1871628910463862 0.07583333333333334 0.06796116504854369
0 0.6129166666666667 0.36893203883495146 0.05416666666666667 0.08414239482200647
2 0.2995833333333333 0.2691477885652643 0.03916666666666667 0.02696871628910464
2 0.6325 0.4406688241639698 0.055 0.05501618122977346
2 0.2995833333333333 0.2691477885652643 0.03916666666666667 0.02696871628910464
2 0.6325 0.4406688241639698 0.055 0.05501618122977346
1 0.18833333333333332 0.1413160733549083 0.12 0.14455231930960086
1 0.355 0.025889967637540454 0.13666666666666666 0.05177993527508091
1 0.6116666666666667 0.1488673139158576 0.10666666666666667 0.16828478964401294
1 0.7933333333333333 0.2168284789644013 0.11666666666666667 0.18770226537216828
