2 0.19477434679334918 0.22405876951331496 0.019002375296912115 0.012855831037649219
2 0.31294536817102137 0.15472910927456382 0.022565320665083134 0.015610651974288337
2 0.578978622327791 0.22773186409550045 0.027315914489311165 0.012855831037649219
2 0.7790973871733967 0.1561065197428834 0.0166270783847981 0.018365472910927456
2 0.2832541567695962 0.5211202938475665 0.027315914489311165 0.015610651974288337
2 0.5682897862232779 0.568870523415978 0.029691211401425176 0.017447199265381085
2 0.19239904988123516 0.8296602387511478 0.035629453681710214 0.02662993572084481
2 0.7796912114014252 0.8305785123966942 0.02494061757719715 0.021120293847566574
2 0.19477434679334918 0.22405876951331496 0.019002375296912115 0.012855831037649219
2 0.31294536817102137 0.15472910927456382 0.022565320665083134 0.015610651974288337
2 0.578978622327791 0.22773186409550045 0.027315914489311165 0.012855831037649219
2 0.7790973871733967 0.1561065197428834 0.0166270783847981 0.018365472910927456
2 0.2832541567695962 0.5211202938475665 0.027315914489311165 0.015610651974288337
2 0.5682897862232779 0.568870523415978 0.029691211401425176 0.017447199265381085
2 0.19239904988123516 0.8296602387511478 0.035629453681710214 0.02662993572084481
2 0.7796912114014252 0.8305785123966942 0.02494061757719715 0.021120293847566574
1 0.16983372921615203 0.1891643709825528 0.026128266033254157 0.02938475665748393
1 0.22446555819477435 0.19100091827364554 0.040380047505938245 0.02938475665748393
1 0.33966745843230406 0.11019283746556474 0.07125890736342043 0.07346189164370982
1 0.42755344418052255 0.0945821854912764 0.028503562945368172 0.04591368227731864
1 0.498812351543943 0.21763085399449036 0.057007125890736345 0.049586776859504134
1 0.5843230403800475 0.15977961432506887 0.04275534441805225 0.04040404040404041
1 0.8919239904988123 0.13406795224977044 0.05463182897862233 0.047750229568411386
1 0.38004750593824227 0.5013774104683195 0.03800475059382423 0.047750229568411386
1 0.5570071258907363 0.494949494949495 0.030878859857482184 0.03489439853076217
1 0.6959619952494062 0.5252525252525253 0.08076009501187649 0.05509641873278237
1 0.29572446555819476 0.7731864095500459 0.035629453681710214 0.07346189164370982
1 0.6888361045130641 0.7768595041322314 0.0332541567695962 0.06244260789715335
