0 0.34782608695652173 0.2654761904761905 0.052795031055900624 0.04285714285714286
0 0.4045031055900621 0.2726190476190476 0.04192546583850932 0.03333333333333333
0 0.48757763975155277 0.1976190476190476 0.055900621118012424 0.05238095238095238
2 0.41847826086956524 0.3 0.04813664596273292 0.03333333333333333
2 0.5062111801242236 0.24166666666666667 0.062111801242236024 0.03571428571428571
2 0.6071428571428571 0.39166666666666666 0.034161490683229816 0.02142857142857143
2 0.41847826086956524 0.3 0.04813664596273292 0.03333333333333333
2 0.5062111801242236 0.24166666666666667 0.062111801242236024 0.03571428571428571
2 0.6071428571428571 0.39166666666666666 0.034161490683229816 0.02142857142857143
1 0.27639751552795033 0.2 0.12422360248447205 0.14285714285714285
1 0.41770186335403725 0.15357142857142858 0.11490683229813664 0.10714285714285714
1 0.6987577639751553 0.16666666666666666 0.13043478260869565 0.12857142857142856
1 0.8354037267080745 0.3976190476190476 0.2236024844720497 0.1380952380952381
