0 0.23594771241830065 0.24646464646464647 0.02483660130718954 0.020202020202020204
0 0.4673202614379085 0.25656565656565655 0.032679738562091505 0.030303030303030304
0 0.5222222222222223 0.25353535353535356 0.040522875816993466 0.028282828282828285
0 0.8248366013071895 0.2767676767676768 0.02091503267973856 0.01818181818181818
2 0.27058823529411763 0.2823232323232323 0.036601307189542485 0.029292929292929294
2 0.49869281045751634 0.2878787878787879 0.022222222222222223 0.01818181818181818
2 0.7764705882352941 0.28585858585858587 0.03137254901960784 0.024242424242424242
2 0.27058823529411763 0.2823232323232323 0.036601307189542485 0.029292929292929294
2 0.49869281045751634 0.2878787878787879 0.022222222222222223 0.01818181818181818
2 0.7764705882352941 0.28585858585858587 0.03137254901960784 0.024242424242424242
1 0.14901960784313725 0.1595959595959596 0.05228758169934641 0.05656565656565657
1 0.21176470588235294 0.18787878787878787 0.09411764705882353 0.09696969696969697
1 0.4091503267973856 0.18888888888888888 0.09673202614379085 0.08686868686868687
1 0.5816993464052288 0.19494949494949496 0.08627450980392157 0.09898989898989899
1 0.8745098039215686 0.24242424242424243 0.054901960784313725 0.09292929292929293
