0 0.5392011834319527 0.19666666666666666 0.11094674556213018 0.07777777777777778
0 0.6649408284023669 0.18722222222222223 0.09023668639053255 0.08333333333333333
0 0.34615384615384615 0.675 0.05029585798816568 0.03
0 0.6967455621301775 0.67 0.05917159763313609 0.02666666666666667
2 0.6538461538461539 0.23555555555555555 0.07100591715976332 0.04666666666666667
2 0.41124260355029585 0.68 0.023668639053254437 0.02666666666666667
2 0.6331360946745562 0.6877777777777778 0.038461538461538464 0.028888888888888888
2 0.6538461538461539 0.23555555555555555 0.07100591715976332 0.04666666666666667
2 0.41124260355029585 0.68 0.023668639053254437 0.02666666666666667
2 0.6331360946745562 0.6877777777777778 0.038461538461538464 0.028888888888888888
1 0.3875739644970414 0.12555555555555556 0.16568047337278108 0.14888888888888888
1 0.7307692307692307 0.08555555555555555 0.17159763313609466 0.07777777777777778
1 0.8032544378698225 0.6355555555555555 0.07988165680473373 0.057777777777777775
