0 0.4975 0.2387914230019493 0.051666666666666666 0.056530214424951264
0 0.5833333333333334 0.23684210526315788 0.04666666666666667 0.056530214424951264
2 0.5325 0.665692007797271 0.035 0.03313840155945419
2 0.5558333333333333 0.3206627680311891 0.055 0.037037037037037035
2 0.5325 0.665692007797271 0.035 0.03313840155945419
2 0.5558333333333333 0.3206627680311891 0.055 0.037037037037037035
1 0.4033333333333333 0.15204678362573099 0.12 0.14035087719298245
1 0.6325 0.12962962962962962 0.10166666666666667 0.09551656920077972
1 0.37083333333333335 0.5847953216374269 0.12833333333333333 0.14035087719298245
1 0.6875 0.5935672514619883 0.14833333333333334 0.09941520467836257
