0 0.503 0.1291390728476821 0.026 0.052980132450331126
0 0.531 0.16666666666666666 0.020666666666666667 0.03090507726269316
0 0.594 0.1390728476821192 0.02 0.03532008830022075
0 0.6263333333333333 0.18763796909492272 0.03133333333333333 0.04856512141280353
2 0.48733333333333334 0.16666666666666666 0.02666666666666667 0.033112582781456956
2 0.5773333333333334 0.184878587196468 0.02266666666666667 0.03642384105960265
2 0.48733333333333334 0.16666666666666666 0.02666666666666667 0.033112582781456956
2 0.5773333333333334 0.184878587196468 0.02266666666666667 0.03642384105960265
1 0.6433333333333333 0.05187637969094923 0.028 0.05077262693156733
1 0.6893333333333334 0.16666666666666666 0.06133333333333333 0.10816777041942605
