0 0.435 0.38864241348713396 0.0775 0.044365572315882874
0 0.61625 0.29547471162378 0.09 0.055013309671694766
2 0.40625 0.45962732919254656 0.065 0.037267080745341616
2 0.4675 0.28970718722271516 0.07 0.038154392191659274
2 0.40625 0.45962732919254656 0.065 0.037267080745341616
2 0.4675 0.28970718722271516 0.07 0.038154392191659274
1 0.1875 0.37089618456078083 0.17 0.13842058562555457
1 0.3825 0.27684117125110913 0.18 0.1313220940550133
1 0.58875 0.15527950310559005 0.0875 0.09050576752440107
1 0.77 0.24046140195208518 0.155 0.18278615794143743
