0 0.4781021897810219 0.08366666666666667 0.021897810218978103 0.026
0 0.510492700729927 0.09366666666666666 0.024635036496350366 0.012666666666666666
0 0.6605839416058394 0.11166666666666666 0.032846715328467155 0.020666666666666667
0 0.6847627737226277 0.11433333333333333 0.017335766423357664 0.016666666666666666
0 0.2687043795620438 0.48533333333333334 0.07025547445255474 0.04933333333333333
0 0.6651459854014599 0.44233333333333336 0.025547445255474453 0.020666666666666667
0 0.6916058394160584 0.44566666666666666 0.016423357664233577 0.016666666666666666
2 0.4835766423357664 0.09966666666666667 0.023722627737226276 0.01
2 0.6820255474452555 0.128 0.028284671532846715 0.016
2 0.19981751824817517 0.5373333333333333 0.05474452554744526 0.028
2 0.6861313868613139 0.45966666666666667 0.02737226277372263 0.014
2 0.781934306569343 0.4703333333333333 0.020072992700729927 0.011333333333333334
2 0.4835766423357664 0.09966666666666667 0.023722627737226276 0.01
2 0.6820255474452555 0.128 0.028284671532846715 0.016
2 0.19981751824817517 0.5373333333333333 0.05474452554744526 0.028
2 0.6861313868613139 0.45966666666666667 0.02737226277372263 0.014
2 0.781934306569343 0.4703333333333333 0.020072992700729927 0.011333333333333334
1 0.46715328467153283 0.056 0.040145985401459854 0.04
1 0.5301094890510949 0.078 0.04927007299270073 0.030666666666666665
1 0.6587591240875912 0.084 0.05474452554744526 0.037333333333333336
1 0.718065693430657 0.116 0.03832116788321168 0.02666666666666667
1 0.30656934306569344 0.4086666666666667 0.12773722627737227 0.09466666666666666
1 0.1177007299270073 0.4093333333333333 0.08941605839416059 0.034666666666666665
1 0.6386861313868614 0.4126666666666667 0.040145985401459854 0.03333333333333333
1 0.7016423357664233 0.4166666666666667 0.03467153284671533 0.03333333333333333
1 0.7253649635036497 0.692 0.020072992700729927 0.013333333333333334
1 0.7472627737226277 0.6893333333333334 0.020072992700729927 0.016
