0 0.37727910238429174 0.17916666666666667 0.08976157082748948 0.028333333333333332
0 0.5813464235624124 0.19291666666666665 0.04908835904628331 0.0225
0 0.6570827489481066 0.19958333333333333 0.043478260869565216 0.029166666666666667
0 0.64726507713885 0.6841666666666667 0.06311360448807854 0.028333333333333332
0 0.2517531556802244 0.68375 0.05750350631136045 0.019166666666666665
0 0.17601683029453016 0.6879166666666666 0.06872370266479663 0.020833333333333332
2 0.48597475455820477 0.19416666666666665 0.04628330995792426 0.028333333333333332
2 0.6107994389901823 0.20875 0.04067321178120617 0.015833333333333335
2 0.22159887798036465 0.6979166666666666 0.05329593267882188 0.025833333333333333
2 0.5848527349228612 0.7004166666666667 0.033660589060308554 0.020833333333333332
2 0.48597475455820477 0.19416666666666665 0.04628330995792426 0.028333333333333332
2 0.6107994389901823 0.20875 0.04067321178120617 0.015833333333333335
2 0.22159887798036465 0.6979166666666666 0.05329593267882188 0.025833333333333333
2 0.5848527349228612 0.7004166666666667 0.033660589060308554 0.020833333333333332
1 0.17391304347826086 0.16416666666666666 0.20757363253856942 0.065
1 0.5610098176718092 0.165 0.05049088359046283 0.04666666666666667
1 0.6816269284712483 0.16833333333333333 0.03927068723702665 0.04
1 0.7040673211781207 0.6458333333333334 0.061711079943899017 0.04833333333333333
1 0.3127629733520337 0.6775 0.09817671809256662 0.035
1 0.09256661991584852 0.6808333333333333 0.09537166900420757 0.035
