0 0.5544629349470499 0.03611111111111111 0.07110438729198185 0.014888888888888889
0 0.705748865355522 0.03688888888888889 0.11649016641452345 0.016888888888888887
0 0.6225416036308623 0.11155555555555556 0.06505295007564296 0.010222222222222223
0 0.7798789712556732 0.11633333333333333 0.13161875945537066 0.016666666666666666
0 0.4682299546142209 0.18666666666666668 0.059001512859304085 0.007555555555555556
0 0.5998487140695915 0.21244444444444444 0.05597579425113464 0.007555555555555556
0 0.6717095310136157 0.21633333333333332 0.05143721633888049 0.0077777777777777776
0 0.49016641452344933 0.2872222222222222 0.07564296520423601 0.006888888888888889
0 0.5877458396369137 0.3238888888888889 0.06202723146747353 0.009555555555555555
0 0.6467473524962178 0.3264444444444444 0.037821482602118005 0.008
0 0.7231467473524962 0.3502222222222222 0.04236006051437216 0.006222222222222222
0 0.7677760968229954 0.35388888888888886 0.046898638426626324 0.007333333333333333
0 0.3388804841149773 0.453 0.08472012102874432 0.014
0 0.4493192133131619 0.4613333333333333 0.060514372163388806 0.009333333333333334
0 0.5612708018154312 0.4945555555555556 0.0907715582450832 0.014444444444444444
0 0.6384266263237519 0.49977777777777777 0.048411497730711045 0.009777777777777778
0 0.7579425113464447 0.5111111111111111 0.05446293494704992 0.006222222222222222
0 0.8275340393343419 0.513 0.057488653555219364 0.008222222222222223
2 0.5885022692889561 0.04511111111111111 0.06959152798789713 0.007555555555555556
2 0.6066565809379728 0.118 0.06959152798789713 0.007555555555555556
2 0.5552193645990923 0.19755555555555557 0.0453857791225416 0.007555555555555556
2 0.6111951588502269 0.30622222222222223 0.0907715582450832 0.015111111111111112
2 0.6550680786686838 0.332 0.06354009077155824 0.006222222222222222
2 0.46747352496217853 0.4771111111111111 0.1422087745839637 0.01911111111111111
2 0.653555219364599 0.5102222222222222 0.08472012102874432 0.011555555555555555
2 0.4583963691376702 0.6622222222222223 0.1422087745839637 0.018666666666666668
2 0.6520423600605144 0.6957777777777778 0.08774583963691376 0.009333333333333334
2 0.4568835098335855 0.7526666666666667 0.13918305597579425 0.018222222222222223
2 0.6641452344931922 0.7871111111111111 0.07564296520423601 0.008888888888888889
2 0.5885022692889561 0.04511111111111111 0.06959152798789713 0.007555555555555556
2 0.6066565809379728 0.118 0.06959152798789713 0.007555555555555556
2 0.5552193645990923 0.19755555555555557 0.0453857791225416 0.007555555555555556
2 0.6111951588502269 0.30622222222222223 0.0907715582450832 0.015111111111111112
2 0.6550680786686838 0.332 0.06354009077155824 0.006222222222222222
2 0.46747352496217853 0.4771111111111111 0.1422087745839637 0.01911111111111111
2 0.653555219364599 0.5102222222222222 0.08472012102874432 0.011555555555555555
2 0.4583963691376702 0.6622222222222223 0.1422087745839637 0.018666666666666668
2 0.6520423600605144 0.6957777777777778 0.08774583963691376 0.009333333333333334
2 0.4568835098335855 0.7526666666666667 0.13918305597579425 0.018222222222222223
2 0.6641452344931922 0.7871111111111111 0.07564296520423601 0.008888888888888889
1 0.35098335854765506 0.1711111111111111 0.10892586989409984 0.014222222222222223
1 0.6656580937972768 0.19577777777777777 0.11497730711043873 0.016444444444444446
1 0.745839636913767 0.19955555555555557 0.09984871406959153 0.021333333333333333
1 0.49016641452344933 0.3248888888888889 0.0907715582450832 0.008
1 0.7534039334341907 0.33666666666666667 0.10287443267776097 0.016444444444444446
1 0.8214826021180031 0.3402222222222222 0.09379727685325265 0.016444444444444446
1 0.39939485627836613 0.4922222222222222 0.10892586989409984 0.013777777777777778
1 0.789712556732224 0.4935555555555556 0.10287443267776097 0.02266666666666667
1 0.8804841149773072 0.496 0.08472012102874432 0.024888888888888887
1 0.3585476550680787 0.6217777777777778 0.18456883509833585 0.013333333333333334
1 0.4629349470499244 0.6268888888888889 0.16338880484114976 0.01911111111111111
1 0.40242057488653554 0.6768888888888889 0.11497730711043873 0.016
1 0.7912254160363086 0.6777777777777778 0.1059001512859304 0.020444444444444446
1 0.8819969742813918 0.6791111111111111 0.09379727685325265 0.021333333333333333
1 0.3434190620272315 0.7133333333333334 0.1422087745839637 0.010666666666666666
1 0.4795763993948563 0.7191111111111111 0.11800302571860817 0.025777777777777778
1 0.3978819969742814 0.7671111111111111 0.12405446293494705 0.016
1 0.789712556732224 0.7691111111111111 0.11497730711043873 0.020888888888888887
1 0.8819969742813918 0.7728888888888888 0.08169440242057488 0.024888888888888887
1 0.22844175491679275 0.8031111111111111 0.17851739788199697 0.008888888888888889
1 0.22995461422087746 0.5251111111111111 0.20574886535552195 0.012
1 0.22995461422087746 0.8982222222222223 0.13313161875945537 0.009777777777777778
