0 0.27296587926509186 0.443 0.05249343832020997 0.028
0 0.6535433070866141 0.334 0.03412073490813648 0.024
0 0.7171916010498688 0.338 0.06955380577427822 0.038
2 0.17716535433070865 0.459 0.04461942257217848 0.026
2 0.6141732283464567 0.344 0.049868766404199474 0.036
2 0.17716535433070865 0.459 0.04461942257217848 0.026
2 0.6141732283464567 0.344 0.049868766404199474 0.036
1 0.3215223097112861 0.381 0.10761154855643044 0.134
1 0.19553805774278216 0.39 0.06036745406824147 0.06
1 0.6233595800524935 0.298 0.09711286089238845 0.08
1 0.7349081364829396 0.291 0.1784776902887139 0.13
