0 0.2396 0.35390835579514823 0.076 0.05660377358490566
0 0.3298 0.3404312668463612 0.0284 0.055525606469002696
0 0.5674 0.5161725067385444 0.0172 0.053369272237196765
0 0.6166 0.5167115902964959 0.0436 0.06307277628032346
2 0.3388 0.41132075471698115 0.044 0.042048517520215635
2 0.3388 0.41132075471698115 0.044 0.042048517520215635
1 0.098 0.26630727762803236 0.164 0.10134770889487871
1 0.2184 0.1320754716981132 0.1216 0.15849056603773584
1 0.5528 0.42911051212938006 0.056 0.18328840970350405
1 0.6724 0.4188679245283019 0.092 0.22533692722371967
