0 0.16886363636363635 0.2740053050397878 0.029545454545454545 0.02493368700265252
0 0.22227272727272726 0.27082228116710877 0.04090909090909091 0.030238726790450927
0 0.4575 0.2673740053050398 0.030454545454545453 0.040318302387267906
0 0.5186363636363637 0.2893899204244032 0.034545454545454546 0.027055702917771884
0 0.7990909090909091 0.2901856763925729 0.035454545454545454 0.029708222811671087
0 0.8481818181818181 0.2893899204244032 0.022727272727272728 0.0259946949602122
0 0.5068181818181818 0.6758620689655173 0.042727272727272725 0.027586206896551724
0 0.5543181818181818 0.6798408488063661 0.022272727272727274 0.028116710875331564
0 0.7577272727272727 0.6639257294429708 0.02909090909090909 0.03872679045092838
0 0.8118181818181818 0.6649867374005305 0.046363636363636364 0.035543766578249335
2 0.17227272727272727 0.30344827586206896 0.022727272727272728 0.023342175066312996
2 0.4768181818181818 0.31352785145888595 0.028181818181818183 0.028647214854111407
2 0.8477272727272728 0.3220159151193634 0.026363636363636363 0.020159151193633953
2 0.21454545454545454 0.7018567639257295 0.03090909090909091 0.022281167108753316
2 0.5609090909090909 0.713527851458886 0.03090909090909091 0.02440318302387268
2 0.759090909090909 0.7039787798408488 0.025454545454545455 0.022281167108753316
2 0.17227272727272727 0.30344827586206896 0.022727272727272728 0.023342175066312996
2 0.4768181818181818 0.31352785145888595 0.028181818181818183 0.028647214854111407
2 0.8477272727272728 0.3220159151193634 0.026363636363636363 0.020159151193633953
2 0.21454545454545454 0.7018567639257295 0.03090909090909091 0.022281167108753316
2 0.5609090909090909 0.713527851458886 0.03090909090909091 0.02440318302387268
2 0.759090909090909 0.7039787798408488 0.025454545454545455 0.022281167108753316
1 0.2 0.1830238726790451 0.04909090909090909 0.058355437665782495
1 0.2540909090909091 0.20212201591511936 0.07 0.07320954907161804
1 0.4904545454545455 0.18885941644562335 0.0809090909090909 0.06578249336870026
1 0.5831818181818181 0.24456233421750664 0.11 0.06259946949602122
1 0.7281818181818182 0.2323607427055703 0.08727272727272728 0.05517241379310345
1 0.7927272727272727 0.1883289124668435 0.08363636363636363 0.060477453580901855
1 0.12681818181818183 0.6122015915119363 0.09727272727272727 0.05517241379310345
1 0.23454545454545456 0.5846153846153846 0.04181818181818182 0.06790450928381962
1 0.44363636363636366 0.6238726790450928 0.08545454545454545 0.05517241379310345
1 0.4904545454545455 0.5872679045092838 0.09727272727272727 0.04774535809018567
1 0.7972727272727272 0.583554376657825 0.04909090909090909 0.06153846153846154
1 0.8495454545454545 0.5915119363395226 0.07545454545454545 0.06684350132625995
