0 0.2255541069100391 0.152 0.04954367666232073 0.034
0 0.3057366362451108 0.149 0.05867014341590613 0.034
0 0.9106910039113429 0.141 0.02998696219035202 0.028
0 0.3194263363754889 0.5125 0.07040417209908735 0.057
0 0.39895697522816165 0.5165 0.03911342894393742 0.033
0 0.7490221642764016 0.8275 0.07170795306388526 0.045
2 0.26010430247718386 0.162 0.04041720990873533 0.022
2 0.711212516297262 0.154 0.02998696219035202 0.018
2 0.9445893089960886 0.158 0.024771838331160364 0.024
2 0.42894393741851367 0.5625 0.0651890482398957 0.045
2 0.727509778357236 0.5055 0.19295958279009126 0.095
2 0.1623207301173403 0.777 0.02998696219035202 0.016
2 0.6205997392438071 0.848 0.04432855280312908 0.038
2 0.26010430247718386 0.162 0.04041720990873533 0.022
2 0.711212516297262 0.154 0.02998696219035202 0.018
2 0.9445893089960886 0.158 0.024771838331160364 0.024
2 0.42894393741851367 0.5625 0.0651890482398957 0.045
2 0.727509778357236 0.5055 0.19295958279009126 0.095
2 0.1623207301173403 0.777 0.02998696219035202 0.016
2 0.6205997392438071 0.848 0.04432855280312908 0.038
1 0.19426336375488917 0.088 0.07040417209908735 0.104
1 0.3428943937418514 0.091 0.07561929595827901 0.118
1 0.8383311603650587 0.1 0.07040417209908735 0.084
1 0.2685788787483703 0.423 0.17209908735332463 0.166
1 0.45371577574967403 0.443 0.08344198174706649 0.086
1 0.11864406779661017 0.727 0.054758800521512385 0.066
1 0.2046936114732725 0.72 0.0651890482398957 0.056
1 0.36114732724902215 0.863 0.13298565840938723 0.162
1 0.7705345501955672 0.711 0.0651890482398957 0.066
1 0.8683181225554107 0.767 0.11994784876140809 0.198
