0 0.09958333333333333 0.14071510957324107 0.059166666666666666 0.029988465974625143
0 0.53125 0.18713956170703575 0.0725 0.039792387543252594
0 0.6495833333333333 0.1453287197231834 0.0475 0.03806228373702422
0 0.1775 0.4290657439446367 0.04 0.01730103806228374
0 0.27166666666666667 0.4284890426758939 0.03666666666666667 0.0196078431372549
0 0.55125 0.5198961937716263 0.0725 0.039792387543252594
0 0.6308333333333334 0.45588235294117646 0.045 0.04786620530565167
0 0.6908333333333333 0.8001730103806228 0.03166666666666667 0.01903114186851211
0 0.7420833333333333 0.7753748558246828 0.0375 0.02249134948096886
2 0.22166666666666668 0.4261822376009227 0.06 0.031141868512110725
2 0.22166666666666668 0.4261822376009227 0.06 0.031141868512110725
1 0.6908333333333333 0.12975778546712802 0.095 0.03806228373702422
1 0.4475 0.2035755478662053 0.07166666666666667 0.0726643598615917
1 0.1275 0.4302191464821223 0.04833333333333333 0.04152249134948097
1 0.30916666666666665 0.43252595155709345 0.03166666666666667 0.04844290657439446
1 0.43416666666666665 0.5080738177623991 0.13166666666666665 0.08189158016147635
1 0.595 0.3771626297577855 0.11333333333333333 0.08765859284890427
1 0.6491666666666667 0.7820069204152249 0.045 0.03460207612456748
1 0.7158333333333333 0.7422145328719724 0.058333333333333334 0.02883506343713956
1 0.8416666666666667 0.801038062283737 0.04 0.06343713956170703
1 0.9266666666666666 0.8027681660899654 0.04666666666666667 0.0530565167243368
