0 0.37777777777777777 0.11414141414141414 0.044444444444444446 0.04040404040404041
0 0.4339869281045752 0.11313131313131314 0.036601307189542485 0.026262626262626262
0 0.6549019607843137 0.1101010101010101 0.08366013071895424 0.03232323232323232
0 0.7470588235294118 0.10454545454545454 0.043137254901960784 0.025252525252525252
0 0.6947712418300653 0.3277777777777778 0.06928104575163399 0.06161616161616162
0 0.1738562091503268 0.5136363636363637 0.023529411764705882 0.023232323232323233
0 0.2111111111111111 0.5121212121212121 0.030065359477124184 0.026262626262626262
0 0.5313725490196078 0.8368686868686869 0.10065359477124183 0.06767676767676768
0 0.742483660130719 0.8217171717171717 0.06274509803921569 0.0595959595959596
0 0.8156862745098039 0.8313131313131313 0.04967320261437908 0.052525252525252523
2 0.4222222222222222 0.12626262626262627 0.0392156862745098 0.020202020202020204
2 0.7281045751633987 0.12777777777777777 0.054901960784313725 0.025252525252525252
2 0.6215686274509804 0.3409090909090909 0.03790849673202614 0.03535353535353535
2 0.19281045751633988 0.5287878787878788 0.030065359477124184 0.01717171717171717
2 0.33725490196078434 0.543939393939394 0.026143790849673203 0.01919191919191919
2 0.5477124183006536 0.5217171717171717 0.02091503267973856 0.015151515151515152
2 0.7660130718954249 0.5358585858585858 0.023529411764705882 0.01717171717171717
2 0.24836601307189543 0.7585858585858586 0.026143790849673203 0.022222222222222223
2 0.3627450980392157 0.8914141414141414 0.07712418300653595 0.0696969696969697
2 0.7718954248366013 0.8525252525252526 0.03790849673202614 0.020202020202020204
2 0.4222222222222222 0.12626262626262627 0.0392156862745098 0.020202020202020204
2 0.7281045751633987 0.12777777777777777 0.054901960784313725 0.025252525252525252
2 0.6215686274509804 0.3409090909090909 0.03790849673202614 0.03535353535353535
2 0.19281045751633988 0.5287878787878788 0.030065359477124184 0.01717171717171717
2 0.33725490196078434 0.543939393939394 0.026143790849673203 0.01919191919191919
2 0.5477124183006536 0.5217171717171717 0.02091503267973856 0.015151515151515152
2 0.7660130718954249 0.5358585858585858 0.023529411764705882 0.01717171717171717
2 0.24836601307189543 0.7585858585858586 0.026143790849673203 0.022222222222222223
2 0.3627450980392157 0.8914141414141414 0.07712418300653595 0.0696969696969697
2 0.7718954248366013 0.8525252525252526 0.03790849673202614 0.020202020202020204
1 0.3045751633986928 0.05858585858585859 0.06535947712418301 0.06868686868686869
1 0.4326797385620915 0.04242424242424243 0.04967320261437908 0.03232323232323232
1 0.8169934640522876 0.33434343434343433 0.11764705882352941 0.10303030303030303
1 0.24444444444444444 0.502020202020202 0.03398692810457516 0.026262626262626262
1 0.38300653594771245 0.4858585858585859 0.044444444444444446 0.046464646464646465
1 0.6039215686274509 0.49797979797979797 0.04183006535947712 0.03434343434343434
1 0.8196078431372549 0.5 0.02875816993464052 0.03838383838383838
1 0.6692810457516339 0.7636363636363637 0.06797385620915032 0.09696969696969697
1 0.8771241830065359 0.7909090909090909 0.08104575163398693 0.07878787878787878
