0 0.3256578947368421 0.42595204513399154 0.04981203007518797 0.06488011283497884
0 0.3919172932330827 0.45698166431593795 0.04887218045112782 0.05923836389280677
0 0.555921052631579 0.25035260930888575 0.04981203007518797 0.06064880112834979
0 0.6278195488721805 0.24753173483779972 0.05263157894736842 0.08039492242595205
2 0.3618421052631579 0.5077574047954866 0.03007518796992481 0.05077574047954866
2 0.5765977443609023 0.2997179125528914 0.021616541353383457 0.02679830747531735
2 0.3618421052631579 0.5077574047954866 0.03007518796992481 0.05077574047954866
2 0.5765977443609023 0.2997179125528914 0.021616541353383457 0.02679830747531735
1 0.31296992481203006 0.2566995768688293 0.08270676691729323 0.1861777150916784
1 0.4567669172932331 0.3758815232722144 0.08082706766917293 0.10860366713681241
1 0.5404135338345865 0.1325811001410437 0.08270676691729323 0.1466854724964739
1 0.6799812030075187 0.1614950634696756 0.10432330827067669 0.22143864598025387
