0 0.485 0.4124293785310734 0.04833333333333333 0.02401129943502825
0 0.3516666666666667 0.617231638418079 0.03833333333333333 0.029661016949152543
2 0.5695833333333333 0.4403248587570621 0.034166666666666665 0.024717514124293787
2 0.38666666666666666 0.6345338983050848 0.018333333333333333 0.019067796610169493
2 0.5695833333333333 0.4403248587570621 0.034166666666666665 0.024717514124293787
2 0.38666666666666666 0.6345338983050848 0.018333333333333333 0.019067796610169493
1 0.36583333333333334 0.3764124293785311 0.095 0.08898305084745763
1 0.4375 0.3573446327683616 0.051666666666666666 0.03954802259887006
1 0.2991666666666667 0.5360169491525424 0.065 0.13135593220338984
1 0.3425 0.5310734463276836 0.06166666666666667 0.11299435028248588
