0 0.46319663512092535 0.2755653883972468 0.1167192429022082 0.08997050147492626
0 0.5743953732912723 0.2895771878072763 0.02786540483701367 0.05703048180924287
0 0.6225026288117771 0.5838249754178958 0.05573080967402734 0.06735496558505408
0 0.6222397476340694 0.5833333333333334 0.083596214511041 0.07423795476892822
2 0.5846477392218717 0.35103244837758113 0.06519453207150368 0.04523107177974434
2 0.5531019978969506 0.6130776794493609 0.04416403785488959 0.03048180924287119
2 0.5846477392218717 0.35103244837758113 0.06519453207150368 0.04523107177974434
2 0.5531019978969506 0.6130776794493609 0.04416403785488959 0.03048180924287119
1 0.35962145110410093 0.11897738446411013 0.15141955835962145 0.15732546705998032
1 0.5199789695057834 0.09488692232055064 0.0935856992639327 0.09341199606686332
