0 0.5471923536439666 0.12024608501118568 0.052568697729988054 0.025727069351230425
0 0.6983273596176822 0.17589485458612975 0.056152927120669056 0.025727069351230425
2 0.6218637992831542 0.13870246085011187 0.04181600955794504 0.01901565995525727
2 0.6469534050179212 0.18624161073825504 0.027479091995221028 0.015659955257270694
2 0.5943847072879331 0.47762863534675615 0.02986857825567503 0.01901565995525727
2 0.6218637992831542 0.13870246085011187 0.04181600955794504 0.01901565995525727
2 0.6469534050179212 0.18624161073825504 0.027479091995221028 0.015659955257270694
2 0.5943847072879331 0.47762863534675615 0.02986857825567503 0.01901565995525727
1 0.3578255675029869 0.06711409395973154 0.16845878136200718 0.05704697986577181
1 0.44384707287933095 0.04865771812080537 0.15173237753882915 0.049217002237136466
1 0.8566308243727598 0.22231543624161074 0.11230585424133811 0.14597315436241612
1 0.3375149342891278 0.4077181208053691 0.18996415770609318 0.05592841163310962
1 0.41397849462365593 0.3859060402684564 0.16367980884109917 0.05145413870246085
1 0.7066905615292712 0.41498881431767337 0.06571087216248507 0.1174496644295302
1 0.7706093189964157 0.4272930648769575 0.10752688172043011 0.1487695749440716
