0 0.3491666666666667 0.19271844660194173 0.05 0.06310679611650485
0 0.40708333333333335 0.17475728155339806 0.034166666666666665 0.04660194174757282
0 0.5783333333333334 0.19466019417475727 0.028333333333333332 0.04563106796116505
0 0.6391666666666667 0.20339805825242718 0.05 0.07475728155339806
2 0.45666666666666667 0.23446601941747572 0.06833333333333333 0.059223300970873784
2 0.5133333333333333 0.22864077669902913 0.06 0.070873786407767
2 0.45666666666666667 0.23446601941747572 0.06833333333333333 0.059223300970873784
2 0.5133333333333333 0.22864077669902913 0.06 0.070873786407767
1 0.24333333333333335 0.11262135922330097 0.10666666666666667 0.15922330097087378
1 0.3858333333333333 0.06796116504854369 0.08166666666666667 0.13203883495145632
1 0.6116666666666667 0.0825242718446602 0.10666666666666667 0.11844660194174757
1 0.7325 0.13300970873786408 0.10166666666666667 0.17281553398058253
