0 0.6291071428571429 0.2846093340325118 0.054642857142857146 0.04745673833245936
0 0.7144642857142857 0.2871001573151547 0.06392857142857143 0.051389617199790245
2 0.3125 0.30492920818038804 0.06928571428571428 0.037231253277399054
2 0.6132142857142857 0.3127949659150498 0.052142857142857144 0.026743576297850027
2 0.3125 0.30492920818038804 0.06928571428571428 0.037231253277399054
2 0.6132142857142857 0.3127949659150498 0.052142857142857144 0.026743576297850027
1 0.26964285714285713 0.11431567907708443 0.19071428571428573 0.22863135815416885
1 0.5003571428571428 0.1331934976402727 0.19214285714285714 0.26428945988463554
1 0.6710714285714285 0.21421080230728892 0.065 0.061352910330361825
1 0.7992857142857143 0.25380178290508654 0.12285714285714286 0.1059255374934452
