0 0.3605 0.35289957567185287 0.049 0.06082036775106082
0 0.4085 0.3338048090523338 0.031 0.04526166902404526
0 0.601 0.4200848656294201 0.054 0.05374823196605375
0 0.6785 0.42362093352192365 0.057 0.06082036775106082
2 0.4435 0.35855728429985856 0.047 0.04384724186704385
2 0.6345 0.46534653465346537 0.051 0.04526166902404526
2 0.4435 0.35855728429985856 0.047 0.04384724186704385
2 0.6345 0.46534653465346537 0.051 0.04526166902404526
1 0.2235 0.3727015558698727 0.113 0.12022630834512023
1 0.575 0.25106082036775107 0.076 0.2050919377652051
1 0.7055 0.26166902404526166 0.065 0.23196605374823195
