0 0.6186770428015564 0.2905153099327857 0.11673151750972763 0.08663181478715459
0 0.7636186770428015 0.3028379387602689 0.09922178988326848 0.07542942494398805
0 0.41391050583657585 0.5392083644510829 0.11575875486381323 0.09559372666168783
0 0.6001945525291829 0.5474234503360716 0.09533073929961089 0.08065720687079911
2 0.7023346303501945 0.342419716206124 0.06031128404669261 0.030619865571321882
2 0.5068093385214008 0.5997012696041822 0.07976653696498054 0.040328603435399554
2 0.7023346303501945 0.342419716206124 0.06031128404669261 0.030619865571321882
2 0.5068093385214008 0.5997012696041822 0.07976653696498054 0.040328603435399554
1 0.24708171206225682 0.25317401045556387 0.35797665369649806 0.3659447348767737
1 0.5398832684824902 0.14936519790888722 0.1575875486381323 0.1463778939507095
1 0.8540856031128404 0.19492158327109785 0.17898832684824903 0.1896938013442868
