2 0.46625 0.06888950124001102 0.0675 0.01212455221824194
2 0.57 0.22072196197299532 0.075 0.010471204188481676
2 0.46125 0.737944337282998 0.0625 0.009920088178561588
2 0.46625 0.06888950124001102 0.0675 0.01212455221824194
2 0.57 0.22072196197299532 0.075 0.010471204188481676
2 0.46125 0.737944337282998 0.0625 0.009920088178561588
1 0.245 0.20225957564067237 0.195 0.02755580049600441
1 0.3925 0.18352163130338936 0.125 0.016533480297602647
1 0.57125 0.6828327362909893 0.4125 0.04408928079360706
1 0.67875 0.7227886470101956 0.3225 0.04353816478368697
