0 0.2745 0.2132921174652241 0.045 0.027820710973724884
0 0.342 0.21290571870170016 0.058 0.0347758887171561
0 0.3435 0.7581143740340031 0.039 0.0401854714064915
0 0.4295 0.7693199381761978 0.075 0.04095826893353941
0 0.647 0.8095054095826894 0.06 0.030139103554868624
0 0.7105 0.7847758887171561 0.033 0.0347758887171561
0 0.8545 0.624806800618238 0.057 0.05486862442040186
2 0.2745 0.22642967542503864 0.043 0.01854714064914992
2 0.613 0.0973724884080371 0.052 0.02936630602782071
2 0.0795 0.6893353941267388 0.051 0.04482225656877898
2 0.3265 0.776275115919629 0.049 0.03168469860896445
2 0.72 0.8044822256568779 0.044 0.027820710973724884
2 0.7425 0.6673106646058733 0.047 0.0285935085007728
2 0.2745 0.22642967542503864 0.043 0.01854714064914992
2 0.613 0.0973724884080371 0.052 0.02936630602782071
2 0.0795 0.6893353941267388 0.051 0.04482225656877898
2 0.3265 0.776275115919629 0.049 0.03168469860896445
2 0.72 0.8044822256568779 0.044 0.027820710973724884
2 0.7425 0.6673106646058733 0.047 0.0285935085007728
1 0.237 0.11746522411128284 0.138 0.14219474497681608
1 0.399 0.11669242658423493 0.11 0.16537867078825347
1 0.455 0.059505409582689336 0.11 0.09119010819165378
1 0.601 0.0401854714064915 0.074 0.05873261205564142
1 0.397 0.6421947449768161 0.118 0.10046367851622875
1 0.576 0.6738794435857806 0.204 0.160741885625966
1 0.96 0.5741885625965997 0.068 0.0695517774343122
