0 0.3845 0.12905718701700156 0.071 0.05873261205564142
0 0.5035 0.14528593508500773 0.101 0.0695517774343122
0 0.795 0.6275115919629057 0.054 0.04791344667697063
0 0.8965 0.6356259659969088 0.089 0.03786707882534776
0 0.1465 0.7782071097372488 0.065 0.03554868624420402
0 0.2235 0.7573415765069552 0.047 0.04173106646058733
0 0.473 0.7832302936630603 0.048 0.03786707882534776
0 0.5605 0.7952086553323029 0.073 0.04482225656877898
2 0.3615 0.16846986089644514 0.055 0.030911901081916538
2 0.0375 0.4849304482225657 0.047 0.04095826893353941
2 0.2355 0.7890262751159196 0.047 0.027820710973724884
2 0.4525 0.8091190108191654 0.061 0.03400309119010819
2 0.79 0.6924265842349304 0.066 0.03554868624420402
2 0.3615 0.16846986089644514 0.055 0.030911901081916538
2 0.0375 0.4849304482225657 0.047 0.04095826893353941
2 0.2355 0.7890262751159196 0.047 0.027820710973724884
2 0.4525 0.8091190108191654 0.061 0.03400309119010819
2 0.79 0.6924265842349304 0.066 0.03554868624420402
1 0.731 0.07264296754250386 0.306 0.14528593508500773
1 0.27 0.35316846986089645 0.148 0.0633693972179289
1 0.36 0.39258114374034003 0.152 0.10819165378670788
1 0.105 0.6452859350850078 0.21 0.12210200927357033
1 0.553 0.6460587326120556 0.19 0.16383307573415765
1 0.866 0.4953632148377125 0.1 0.09119010819165378
