0 0.4090909090909091 0.7312269183422241 0.046511627906976744 0.0344686089454247
0 0.4611522198731501 0.7513336068937218 0.034355179704016914 0.03282724661469019
0 0.7756342494714588 0.6727533853098071 0.04704016913319239 0.038161674189577346
0 0.7103594080338267 0.6600328272466147 0.040169133192389 0.03487894952810833
2 0.7061310782241015 0.6799343455067706 0.052854122621564484 0.0254411161263849
2 0.436046511627907 0.7554370127205581 0.03488372093023256 0.0254411161263849
2 0.7061310782241015 0.6799343455067706 0.052854122621564484 0.0254411161263849
2 0.436046511627907 0.7554370127205581 0.03488372093023256 0.0254411161263849
1 0.514799154334038 0.7078375051292572 0.08456659619450317 0.10586787033237587
1 0.7283298097251586 0.6036109971276159 0.07188160676532769 0.07796471070988921
1 0.8609936575052854 0.6610586787033238 0.08985200845665962 0.0943783340172343
