0 0.09625 0.2621822033898305 0.025833333333333333 0.034957627118644065
0 0.25958333333333333 0.6091101694915254 0.0275 0.036016949152542374
0 0.2991666666666667 0.597457627118644 0.03166666666666667 0.038135593220338986
0 0.39416666666666667 0.2166313559322034 0.02666666666666667 0.04978813559322034
0 0.43083333333333335 0.2229872881355932 0.03166666666666667 0.045550847457627115
0 0.70125 0.7600635593220338 0.025833333333333333 0.026483050847457626
0 0.89375 0.3411016949152542 0.035833333333333335 0.0423728813559322
2 0.056666666666666664 0.319385593220339 0.028333333333333332 0.03283898305084746
2 0.3025 0.6488347457627118 0.025 0.028601694915254237
2 0.41291666666666665 0.2579449152542373 0.024166666666666666 0.022245762711864406
2 0.62125 0.2574152542372881 0.0175 0.029661016949152543
2 0.74125 0.8003177966101694 0.030833333333333334 0.03919491525423729
2 0.8379166666666666 0.3458686440677966 0.0175 0.03283898305084746
2 0.056666666666666664 0.319385593220339 0.028333333333333332 0.03283898305084746
2 0.3025 0.6488347457627118 0.025 0.028601694915254237
2 0.41291666666666665 0.2579449152542373 0.024166666666666666 0.022245762711864406
2 0.62125 0.2574152542372881 0.0175 0.029661016949152543
2 0.74125 0.8003177966101694 0.030833333333333334 0.03919491525423729
2 0.8379166666666666 0.3458686440677966 0.0175 0.03283898305084746
1 0.09666666666666666 0.1864406779661017 0.08 0.07203389830508475
1 0.050833333333333335 0.2055084745762712 0.04833333333333333 0.0423728813559322
1 0.215 0.5476694915254238 0.05 0.07838983050847458
1 0.3075 0.5201271186440678 0.051666666666666666 0.10805084745762712
1 0.37166666666666665 0.16101694915254236 0.056666666666666664 0.13983050847457626
1 0.4658333333333333 0.18114406779661016 0.065 0.10805084745762712
1 0.5208333333333334 0.3061440677966102 0.03833333333333333 0.10805084745762712
1 0.5325 0.2468220338983051 0.028333333333333332 0.057203389830508475
1 0.9358333333333333 0.2796610169491525 0.051666666666666666 0.05508474576271186
1 0.9483333333333334 0.3273305084745763 0.04 0.10805084745762712
