0 0.3545833333333333 0.24441176470588236 0.07416666666666667 0.057058823529411766
0 0.4633333333333333 0.22470588235294117 0.06166666666666667 0.07529411764705882
0 0.5695833333333333 0.27058823529411763 0.07583333333333334 0.058823529411764705
0 0.6929166666666666 0.2917647058823529 0.07416666666666667 0.042352941176470586
2 0.3854166666666667 0.2867647058823529 0.04416666666666667 0.018235294117647058
2 0.61125 0.32441176470588234 0.03916666666666667 0.022941176470588236
2 0.3854166666666667 0.2867647058823529 0.04416666666666667 0.018235294117647058
2 0.61125 0.32441176470588234 0.03916666666666667 0.022941176470588236
1 0.39166666666666666 0.12705882352941175 0.11 0.11058823529411765
1 0.5366666666666666 0.11823529411764706 0.13333333333333333 0.11411764705882353
1 0.5558333333333333 0.15588235294117647 0.095 0.12823529411764706
1 0.7516666666666667 0.2023529411764706 0.13 0.15764705882352942
