0 0.203 0.09389489953632148 0.08 0.05486862442040186
0 0.288 0.10896445131375579 0.046 0.04173106646058733
0 0.508 0.3740340030911901 0.08 0.05873261205564142
0 0.602 0.34891808346213293 0.048 0.04404945904173107
0 0.184 0.4775888717156105 0.066 0.0401854714064915
0 0.2645 0.4748840803709428 0.051 0.03941267387944358
0 0.5785 0.892967542503864 0.061 0.04404945904173107
0 0.646 0.8639876352395672 0.042 0.03400309119010819
0 0.727 0.7727975270479135 0.068 0.05873261205564142
2 0.277 0.16112828438948995 0.05 0.03323029366306028
2 0.616 0.375193199381762 0.056 0.03323029366306028
2 0.601 0.11862442040185471 0.054 0.0347758887171561
2 0.2795 0.5216383307573416 0.075 0.03554868624420402
2 0.8245 0.509273570324575 0.113 0.0633693972179289
2 0.643 0.8806027820710973 0.042 0.02241112828438949
2 0.626 0.8210973724884081 0.058 0.03786707882534776
2 0.277 0.16112828438948995 0.05 0.03323029366306028
2 0.616 0.375193199381762 0.056 0.03323029366306028
2 0.601 0.11862442040185471 0.054 0.0347758887171561
2 0.2795 0.5216383307573416 0.075 0.03554868624420402
2 0.8245 0.509273570324575 0.113 0.0633693972179289
2 0.643 0.8806027820710973 0.042 0.02241112828438949
2 0.626 0.8210973724884081 0.058 0.03786707882534776
1 0.115 0.03786707882534776 0.126 0.07264296754250386
1 0.265 0.030139103554868624 0.102 0.05409582689335394
1 0.06 0.3948995363214838 0.12 0.12210200927357033
1 0.197 0.37171561051004637 0.106 0.08191653786707882
1 0.718 0.0285935085007728 0.108 0.04173106646058733
1 0.814 0.05255023183925812 0.128 0.0865533230293663
1 0.878 0.7163833075734157 0.108 0.05100463678516229
