0 0.138 0.03902627511591963 0.048 0.02704791344667697
0 0.561 0.16112828438948995 0.06 0.04404945904173107
0 0.6525 0.0830757341576507 0.051 0.03786707882534776
0 0.7325 0.07650695517774343 0.067 0.03554868624420402
0 0.0915 0.5846213292117465 0.055 0.030139103554868624
0 0.1835 0.4571097372488408 0.037 0.025502318392581144
0 0.242 0.44590417310664604 0.056 0.02472952086553323
0 0.68 0.5513910355486863 0.05 0.03323029366306028
0 0.7475 0.5533230293663061 0.063 0.027820710973724884
0 0.862 0.4339258114374034 0.048 0.04250386398763524
0 0.9185 0.45054095826893353 0.051 0.05255023183925812
0 0.0825 0.847758887171561 0.059 0.05564142194744977
0 0.243 0.7442040185471407 0.05 0.03709428129829984
0 0.5745 0.857032457496136 0.053 0.030911901081916538
0 0.6225 0.8469860896445132 0.037 0.023183925811437404
0 0.671 0.741499227202473 0.018 0.03941267387944358
0 0.6745 0.7434312210200927 0.023 0.030911901081916538
0 0.72 0.7438176197836167 0.044 0.03632148377125193
2 0.082 0.05641421947449768 0.036 0.02472952086553323
2 0.6195 0.1348531684698609 0.039 0.02704791344667697
2 0.6615 0.1534003091190108 0.061 0.04250386398763524
2 0.159 0.49690880989180836 0.054 0.030911901081916538
2 0.152 0.5660741885625966 0.028 0.023956723338485315
2 0.5085 0.5645285935085008 0.037 0.025502318392581144
2 0.456 0.48724884080370945 0.046 0.03168469860896445
2 0.68 0.5734157650695518 0.032 0.027820710973724884
2 0.8375 0.44397217928902627 0.045 0.0347758887171561
2 0.148 0.8098918083462133 0.036 0.03245749613601236
2 0.1675 0.8021638330757341 0.045 0.02936630602782071
2 0.6365 0.8578052550231839 0.027 0.023183925811437404
2 0.643 0.7658423493044823 0.034 0.021638330757341576
2 0.082 0.05641421947449768 0.036 0.02472952086553323
2 0.6195 0.1348531684698609 0.039 0.02704791344667697
2 0.6615 0.1534003091190108 0.061 0.04250386398763524
2 0.159 0.49690880989180836 0.054 0.030911901081916538
2 0.152 0.5660741885625966 0.028 0.023956723338485315
2 0.5085 0.5645285935085008 0.037 0.025502318392581144
2 0.456 0.48724884080370945 0.046 0.03168469860896445
2 0.68 0.5734157650695518 0.032 0.027820710973724884
2 0.8375 0.44397217928902627 0.045 0.0347758887171561
2 0.148 0.8098918083462133 0.036 0.03245749613601236
2 0.1675 0.8021638330757341 0.045 0.02936630602782071
2 0.6365 0.8578052550231839 0.027 0.023183925811437404
2 0.643 0.7658423493044823 0.034 0.021638330757341576
1 0.444 0.18160741885625967 0.088 0.12210200927357033
1 0.801 0.38717156105100464 0.09 0.13137557959814528
1 0.681 0.3693972179289026 0.11 0.09273570324574962
1 0.597 0.35394126738794435 0.098 0.04636785162287481
1 0.308 0.37171561051004637 0.116 0.08809891808346214
1 0.234 0.357032457496136 0.088 0.04327666151468315
1 0.706 0.6893353941267388 0.056 0.05255023183925812
1 0.792 0.7017001545595054 0.068 0.0865533230293663
