0 0.484375 0.24097222222222223 0.052083333333333336 0.03194444444444444
0 0.5822916666666667 0.24027777777777778 0.058333333333333334 0.02638888888888889
0 0.4869791666666667 0.7791666666666667 0.057291666666666664 0.029166666666666667
0 0.5848958333333333 0.7763888888888889 0.05520833333333333 0.027777777777777776
2 0.5307291666666667 0.28368055555555555 0.036458333333333336 0.022916666666666665
2 0.5296875 0.7333333333333333 0.034375 0.019444444444444445
2 0.5307291666666667 0.28368055555555555 0.036458333333333336 0.022916666666666665
2 0.5296875 0.7333333333333333 0.034375 0.019444444444444445
1 0.43854166666666666 0.14722222222222223 0.11041666666666666 0.08888888888888889
1 0.6072916666666667 0.1451388888888889 0.10208333333333333 0.09027777777777778
1 0.446875 0.8770833333333333 0.08125 0.07916666666666666
1 0.603125 0.8777777777777778 0.10625 0.07222222222222222
