0 0.176 0.1777434312210201 0.064 0.03245749613601236
0 0.2275 0.0830757341576507 0.039 0.030139103554868624
0 0.282 0.06761978361669242 0.054 0.04559505409582689
0 0.43 0.39180834621329214 0.064 0.03863987635239567
0 0.4955 0.3856259659969088 0.041 0.03709428129829984
0 0.7685 0.3794435857805255 0.065 0.03554868624420402
0 0.84 0.3697836166924266 0.048 0.03168469860896445
0 0.179 0.8713292117465224 0.056 0.03786707882534776
0 0.247 0.8585780525502318 0.034 0.030911901081916538
0 0.438 0.785548686244204 0.048 0.025502318392581144
0 0.5155 0.7901854714064915 0.067 0.03786707882534776
2 0.2375 0.17194744976816073 0.045 0.02704791344667697
2 0.196 0.11051004636785162 0.056 0.02936630602782071
2 0.03 0.42078825347758886 0.044 0.03168469860896445
2 0.5505 0.4138330757341577 0.045 0.030139103554868624
2 0.878 0.37828438948995363 0.056 0.03168469860896445
2 0.272 0.8717156105100463 0.042 0.03245749613601236
2 0.3845 0.7982998454404946 0.055 0.04173106646058733
2 0.2375 0.17194744976816073 0.045 0.02704791344667697
2 0.196 0.11051004636785162 0.056 0.02936630602782071
2 0.03 0.42078825347758886 0.044 0.03168469860896445
2 0.5505 0.4138330757341577 0.045 0.030139103554868624
2 0.878 0.37828438948995363 0.056 0.03168469860896445
2 0.272 0.8717156105100463 0.042 0.03245749613601236
2 0.3845 0.7982998454404946 0.055 0.04173106646058733
1 0.139 0.08114374034003091 0.122 0.11901081916537867
1 0.062 0.1615146831530139 0.108 0.08191653786707882
1 0.263 0.3987635239567233 0.142 0.080370942812983
1 0.299 0.3462132921174652 0.13 0.0865533230293663
1 0.422 0.312210200927357 0.096 0.04636785162287481
1 0.649 0.34389489953632146 0.134 0.1035548686244204
1 0.786 0.312210200927357 0.08 0.05873261205564142
1 0.627 0.7372488408037094 0.174 0.07727975270479134
