0 0.872 0.5937721160651097 0.056 0.03397027600849257
2 0.4725 0.07466383581033263 0.013 0.01910828025477707
2 0.2255 0.689313517338995 0.047 0.025477707006369428
2 0.4625 0.610757254069356 0.015 0.016985138004246284
2 0.7705 0.602618542108988 0.033 0.02335456475583864
2 0.4725 0.07466383581033263 0.013 0.01910828025477707
2 0.2255 0.689313517338995 0.047 0.025477707006369428
2 0.4625 0.610757254069356 0.015 0.016985138004246284
2 0.7705 0.602618542108988 0.033 0.02335456475583864
1 0.348 0.06723283793347487 0.108 0.03255484784147204
