0 0.1425 0.15417310664605874 0.053 0.030139103554868624
0 0.151 0.5200927357032458 0.104 0.06646058732612056
0 0.2195 0.4802936630602782 0.055 0.03941267387944358
0 0.827 0.3713292117465224 0.052 0.04250386398763524
0 0.2035 0.7712519319938176 0.059 0.03400309119010819
0 0.263 0.7666151468315301 0.04 0.03709428129829984
0 0.8405 0.785935085007728 0.063 0.03863987635239567
2 0.1835 0.11128284389489954 0.043 0.027820710973724884
2 0.359 0.04945904173106646 0.046 0.0401854714064915
2 0.2755 0.4714064914992272 0.057 0.05409582689335394
2 0.3875 0.4026275115919629 0.075 0.0633693972179289
2 0.6775 0.48724884080370945 0.057 0.03632148377125193
2 0.754 0.3937403400309119 0.046 0.030139103554868624
2 0.2705 0.7917310664605873 0.033 0.019319938176197836
2 0.177 0.8601236476043277 0.048 0.03863987635239567
2 0.949 0.7627511591962906 0.054 0.04173106646058733
2 0.1835 0.11128284389489954 0.043 0.027820710973724884
2 0.359 0.04945904173106646 0.046 0.0401854714064915
2 0.2755 0.4714064914992272 0.057 0.05409582689335394
2 0.3875 0.4026275115919629 0.075 0.0633693972179289
2 0.6775 0.48724884080370945 0.057 0.03632148377125193
2 0.754 0.3937403400309119 0.046 0.030139103554868624
2 0.2705 0.7917310664605873 0.033 0.019319938176197836
2 0.177 0.8601236476043277 0.048 0.03863987635239567
2 0.949 0.7627511591962906 0.054 0.04173106646058733
1 0.208 0.23183925811437403 0.12 0.09891808346213292
1 0.925 0.4474497681607419 0.114 0.1437403400309119
1 0.112 0.7187017001545595 0.12 0.05873261205564142
1 0.346 0.8006182380216383 0.132 0.11746522411128284
1 0.526 0.8307573415765069 0.236 0.10046367851622875
1 0.491 0.9010819165378671 0.214 0.07418856259659969
1 0.707 0.7959814528593508 0.146 0.061823802163833076
