0 0.2955 0.049845440494590415 0.037 0.03168469860896445
0 0.3445 0.410741885625966 0.061 0.05332302936630603
0 0.874 0.4250386398763524 0.048 0.05255023183925812
0 0.293 0.7241112828438949 0.034 0.03709428129829984
0 0.3685 0.7272024729520865 0.069 0.05100463678516229
0 0.8375 0.7287480680061824 0.069 0.06646058732612056
2 0.249 0.1464451313755796 0.032 0.02241112828438949
2 0.3655 0.02820710973724884 0.041 0.0285935085007728
2 0.7335 0.08771251931993818 0.041 0.02704791344667697
2 0.1285 0.5 0.049 0.02472952086553323
2 0.226 0.4455177743431221 0.04 0.0347758887171561
2 0.6265 0.5285935085007728 0.043 0.02472952086553323
2 0.7585 0.4598145285935085 0.041 0.03245749613601236
2 0.0655 0.9192426584234931 0.051 0.03168469860896445
2 0.2215 0.741112828438949 0.055 0.03554868624420402
2 0.58 0.8245749613601236 0.05 0.03709428129829984
2 0.712 0.7720247295208655 0.056 0.03709428129829984
1 0.192 0.08423493044822257 0.088 0.07573415765069552
1 0.059 0.1615146831530139 0.114 0.09119010819165378
1 0.094 0.7658423493044823 0.152 0.10046367851622875
1 0.506 0.7102009273570324 0.068 0.08809891808346214
